File Version,BWRam4.11_1
Run Name,
Product Name,
Batch No,
Lot No,
Sample Suppler,
Sample Notes,
Date,2026-06-14 09:29:05
title,BWS465-785S
model,BTC665N-785S-SYS
c code,SMJ
operator,
pixel_start,0
pixel_end,2047
units,3
show_mode,3
data_mode,0
pixel_mode,0
integration times(sec),3
integration times unit,2
time_multiply,1
average number,1
spectrometer_type,72
yaxis,0
yaxis_min,0
yaxis_max,65535
xaxis,1
xaxis_min,103
xaxis_max,1016
pixel_num,2048
coefs_a0,781.601227069664
coefs_a1,0.152450329669346
coefs_a2,-4.22711107004759E-06
coefs_a3,-8.10798476334763E-10
coefs_b0,-6322.76017464382
coefs_b1,11.7698408209694
coefs_b2,-0.00749009855934912
coefs_b3,3.5578674562391E-06
coefs_r0,1
coefs_r1,0
coefs_r2,0
coefs_r3,0
coefs_j0,1
coefs_j1,0
coefs_j2,0
coefs_j3,0
enable_coefs_r,0
laser_wavelength,784.84
laser_powerlevel,80
probe_index,0
probe_name,
dark_compensate,0
numcoeff_d,7
coefs_d0,0
coefs_d1,1
coefs_d2,0
coefs_d3,0
coefs_d4,0
coefs_d5,0
coefs_d6,0
coefs_d7,0
irradiance_lamp_inttime,1
irradiance_lamp_unitindex,0
Color_Data_Flag,0
Color_StartWL,782
Color_EndWL,782
Color_IncWL,10
power_unit_index,1
photometric_index,0
Illuminant_index,2
observer_index,0
lab_l,0
lab_a,0
lab_b,0
radiometric_flag,0
Data Pretreat_0,
Data Pretreat_1,
Data Pretreat_2,
Data Pretreat_3,
Data Pretreat_4,
Data Pretreat_5,
Data Pretreat_6,
Data Pretreat_7,
Data Pretreat_8,
Data Pretreat_9,
Data Pretreat_10,
Data Pretreat_11,
Data Pretreat_12,
Data Pretreat_13,
Data Pretreat_14,
Data Pretreat_15,
Data Pretreat_16,
Data Pretreat_17,
Data Pretreat_18,
Data Pretreat_19,
Data Pretreat_20,
Data Pretreat_21,
Data Pretreat_22,
Data Pretreat_23,
Data Pretreat_24,
Data Pretreat_25,
Data Pretreat_26,
Data Pretreat_27,
Data Pretreat_28,
Data Pretreat_29,
Pixel,Wavelength,Wavenumber,Raman Shift,Dark,Reference,Raw data #1,Dark Subtracted #1,%TR #1,Absorbance #1,Irradiance (W/cm^2/nm) #1,RelativeIntensityCorrection_Ratio #1,ReferenceMaterialCorrection_Ratio #1,AbsoluteIrradianceCorrection_Ratio #1,
0,   ,   ,   ,1400.0000,65535.0000,1360.0000,-40.0000,0.0000,0.0000,0.0000,1.0000,1.0000E+00,1.0000E+00,
1,   ,   ,   ,1486.0000,65535.0000,1412.0000,-74.0000,0.0000,0.0000,0.0000,1.0000,1.0000E+00,1.0000E+00,
2,   ,   ,   ,1393.0000,65535.0000,1364.0000,-29.0000,0.0000,0.0000,0.0000,1.0000,1.0000E+00,1.0000E+00,
3,   ,   ,   ,1417.0000,65535.0000,1328.0000,-89.0000,0.0000,0.0000,0.0000,1.0000,1.0000E+00,1.0000E+00,
4,   ,   ,   ,1399.0000,65535.0000,1342.0000,-57.0000,0.0000,0.0000,0.0000,1.0000,1.0000E+00,1.0000E+00,
5,   ,   ,   ,1409.0000,65535.0000,1403.0000,-6.0000,0.0000,0.0000,0.0000,1.0000,1.0000E+00,1.0000E+00,
6,   ,   ,   ,1396.0000,65535.0000,1405.0000,9.0000,0.0000,0.0000,0.0000,1.0000,1.0000E+00,1.0000E+00,
7,   ,   ,   ,1412.0000,65535.0000,1422.0000,10.0000,0.0000,0.0000,0.0000,1.0000,1.0000E+00,1.0000E+00,
8,   ,   ,   ,1391.0000,65535.0000,1411.0000,20.0000,0.0000,0.0000,0.0000,1.0000,1.0000E+00,1.0000E+00,
9,   ,   ,   ,1408.0000,65535.0000,1410.0000,2.0000,0.0000,0.0000,0.0000,1.0000,1.0000E+00,1.0000E+00,
10,   ,   ,   ,1455.0000,65535.0000,1469.0000,14.0000,0.0000,0.0000,0.0000,1.0000,1.0000E+00,1.0000E+00,
11,   ,   ,   ,1435.0000,65535.0000,1461.0000,26.0000,0.0000,0.0000,0.0000,1.0000,1.0000E+00,1.0000E+00,
12,   ,   ,   ,1371.0000,65535.0000,1497.0000,126.0000,0.0000,0.0000,0.0000,1.0000,1.0000E+00,1.0000E+00,
13,   ,   ,   ,1428.0000,65535.0000,1614.0000,186.0000,0.0000,0.0000,0.0000,1.0000,1.0000E+00,1.0000E+00,
14,   ,   ,   ,1426.0000,65535.0000,1654.0000,228.0000,0.0000,0.0000,0.0000,1.0000,1.0000E+00,1.0000E+00,
15,   ,   ,   ,1399.0000,65535.0000,2287.0000,888.0000,0.0000,0.0000,0.0000,1.0000,1.0000E+00,1.0000E+00,
16,   ,   ,   ,1436.0000,65535.0000,6312.0000,4876.0000,0.0000,0.0000,0.0000,1.0000,1.0000E+00,1.0000E+00,
17,   ,   ,   ,1382.0000,65535.0000,18596.0000,17214.0000,0.0000,0.0000,0.0000,1.0000,1.0000E+00,1.0000E+00,
18,   ,   ,   ,1420.0000,65535.0000,27468.0000,26048.0000,0.0000,0.0000,0.0000,1.0000,1.0000E+00,1.0000E+00,
19,   ,   ,   ,1442.0000,65535.0000,31571.0000,30129.0000,0.0000,0.0000,0.0000,1.0000,1.0000E+00,1.0000E+00,
20,   ,   ,   ,1460.0000,65535.0000,16969.0000,15509.0000,0.0000,0.0000,0.0000,1.0000,1.0000E+00,1.0000E+00,
21,   ,   ,   ,1531.0000,65535.0000,4993.0000,3462.0000,0.0000,0.0000,0.0000,1.0000,1.0000E+00,1.0000E+00,
22,   ,   ,   ,1404.0000,65535.0000,2395.0000,991.0000,0.0000,0.0000,0.0000,1.0000,1.0000E+00,1.0000E+00,
23,   ,   ,   ,1423.0000,65535.0000,1795.0000,372.0000,0.0000,0.0000,0.0000,1.0000,1.0000E+00,1.0000E+00,
24,   ,   ,   ,1374.0000,65535.0000,1578.0000,204.0000,0.0000,0.0000,0.0000,1.0000,1.0000E+00,1.0000E+00,
25,   ,   ,   ,1435.0000,65535.0000,1511.0000,76.0000,0.0000,0.0000,0.0000,1.0000,1.0000E+00,1.0000E+00,
26,   ,   ,   ,1415.0000,65535.0000,1515.0000,100.0000,0.0000,0.0000,0.0000,1.0000,1.0000E+00,1.0000E+00,
27,   ,   ,   ,1414.0000,65535.0000,1438.0000,24.0000,0.0000,0.0000,0.0000,1.0000,1.0000E+00,1.0000E+00,
28,   ,   ,   ,1378.0000,65535.0000,1494.0000,116.0000,0.0000,0.0000,0.0000,1.0000,1.0000E+00,1.0000E+00,
29,   ,   ,   ,1396.0000,65535.0000,1459.0000,63.0000,0.0000,0.0000,0.0000,1.0000,1.0000E+00,1.0000E+00,
30,   ,   ,   ,1386.0000,65535.0000,1389.0000,3.0000,0.0000,0.0000,0.0000,1.0000,1.0000E+00,1.0000E+00,
31,   ,   ,   ,1432.0000,65535.0000,1463.0000,31.0000,0.0000,0.0000,0.0000,1.0000,1.0000E+00,1.0000E+00,
32,   ,   ,   ,1448.0000,65535.0000,1457.0000,9.0000,0.0000,0.0000,0.0000,1.0000,1.0000E+00,1.0000E+00,
33,   ,   ,   ,1401.0000,65535.0000,1408.0000,7.0000,0.0000,0.0000,0.0000,1.0000,1.0000E+00,1.0000E+00,
34,   ,   ,   ,1400.0000,65535.0000,1407.0000,7.0000,0.0000,0.0000,0.0000,1.0000,1.0000E+00,1.0000E+00,
35,   ,   ,   ,1430.0000,65535.0000,1409.0000,-21.0000,0.0000,0.0000,0.0000,1.0000,1.0000E+00,1.0000E+00,
36,   ,   ,   ,1436.0000,65535.0000,1418.0000,-18.0000,0.0000,0.0000,0.0000,1.0000,1.0000E+00,1.0000E+00,
37,   ,   ,   ,1409.0000,65535.0000,1403.0000,-6.0000,0.0000,0.0000,0.0000,1.0000,1.0000E+00,1.0000E+00,
38,   ,   ,   ,1393.0000,65535.0000,1391.0000,-2.0000,0.0000,0.0000,0.0000,1.0000,1.0000E+00,1.0000E+00,
39,   ,   ,   ,1407.0000,65535.0000,1374.0000,-33.0000,0.0000,0.0000,0.0000,1.0000,1.0000E+00,1.0000E+00,
40,   ,   ,   ,1422.0000,65535.0000,1428.0000,6.0000,0.0000,0.0000,0.0000,1.0000,1.0000E+00,1.0000E+00,
41,   ,   ,   ,1403.0000,65535.0000,1408.0000,5.0000,0.0000,0.0000,0.0000,1.0000,1.0000E+00,1.0000E+00,
42,   ,   ,   ,1434.0000,65535.0000,1401.0000,-33.0000,0.0000,0.0000,0.0000,1.0000,1.0000E+00,1.0000E+00,
43,   ,   ,   ,1380.0000,65535.0000,1389.0000,9.0000,0.0000,0.0000,0.0000,1.0000,1.0000E+00,1.0000E+00,
44,   ,   ,   ,1421.0000,65535.0000,1427.0000,6.0000,0.0000,0.0000,0.0000,1.0000,1.0000E+00,1.0000E+00,
45,   ,   ,   ,1365.0000,65535.0000,1403.0000,38.0000,0.0000,0.0000,0.0000,1.0000,1.0000E+00,1.0000E+00,
46,   ,   ,   ,1411.0000,65535.0000,1410.0000,-1.0000,0.0000,0.0000,0.0000,1.0000,1.0000E+00,1.0000E+00,
47,   ,   ,   ,1426.0000,65535.0000,1420.0000,-6.0000,0.0000,0.0000,0.0000,1.0000,1.0000E+00,1.0000E+00,
48,   ,   ,   ,1452.0000,65535.0000,1434.0000,-18.0000,0.0000,0.0000,0.0000,1.0000,1.0000E+00,1.0000E+00,
49,   ,   ,   ,1419.0000,65535.0000,1433.0000,14.0000,0.0000,0.0000,0.0000,1.0000,1.0000E+00,1.0000E+00,
50,   ,   ,   ,1415.0000,65535.0000,1462.0000,47.0000,0.0000,0.0000,0.0000,1.0000,1.0000E+00,1.0000E+00,
51,   ,   ,   ,1425.0000,65535.0000,1491.0000,66.0000,0.0000,0.0000,0.0000,1.0000,1.0000E+00,1.0000E+00,
52,   ,   ,   ,1398.0000,65535.0000,1473.0000,75.0000,0.0000,0.0000,0.0000,1.0000,1.0000E+00,1.0000E+00,
53,   ,   ,   ,1381.0000,65535.0000,1555.0000,174.0000,0.0000,0.0000,0.0000,1.0000,1.0000E+00,1.0000E+00,
54,   ,   ,   ,1421.0000,65535.0000,1650.0000,229.0000,0.0000,0.0000,0.0000,1.0000,1.0000E+00,1.0000E+00,
55,   ,   ,   ,1407.0000,65535.0000,1865.0000,458.0000,0.0000,0.0000,0.0000,1.0000,1.0000E+00,1.0000E+00,
56,   ,   ,   ,1427.0000,65535.0000,2149.0000,722.0000,0.0000,0.0000,0.0000,1.0000,1.0000E+00,1.0000E+00,
57,   ,   ,   ,1410.0000,65535.0000,2684.0000,1274.0000,0.0000,0.0000,0.0000,1.0000,1.0000E+00,1.0000E+00,
58,   ,   ,   ,1434.0000,65535.0000,3668.0000,2234.0000,0.0000,0.0000,0.0000,1.0000,1.0000E+00,1.0000E+00,
59,   ,   ,   ,1415.0000,65535.0000,4853.0000,3438.0000,0.0000,0.0000,0.0000,1.0000,1.0000E+00,1.0000E+00,
60,   ,   ,   ,1423.0000,65535.0000,6856.0000,5433.0000,0.0000,0.0000,0.0000,1.0000,1.0000E+00,1.0000E+00,
61,   ,   ,   ,1431.0000,65535.0000,9029.0000,7598.0000,0.0000,0.0000,0.0000,1.0000,1.0000E+00,1.0000E+00,
62,   ,   ,   ,1440.0000,65535.0000,11654.0000,10214.0000,0.0000,0.0000,0.0000,1.0000,1.0000E+00,1.0000E+00,
63,   ,   ,   ,1429.0000,65535.0000,14561.0000,13132.0000,0.0000,0.0000,0.0000,1.0000,1.0000E+00,1.0000E+00,
64,   ,   ,   ,1416.0000,65535.0000,17184.0000,15768.0000,0.0000,0.0000,0.0000,1.0000,1.0000E+00,1.0000E+00,
65,   ,   ,   ,1389.0000,65535.0000,19376.0000,17987.0000,0.0000,0.0000,0.0000,1.0000,1.0000E+00,1.0000E+00,
66,   ,   ,   ,1446.0000,65535.0000,21244.0000,19798.0000,0.0000,0.0000,0.0000,1.0000,1.0000E+00,1.0000E+00,
67,   ,   ,   ,1421.0000,65535.0000,22460.0000,21039.0000,0.0000,0.0000,0.0000,1.0000,1.0000E+00,1.0000E+00,
68,   ,   ,   ,1423.0000,65535.0000,23267.0000,21844.0000,0.0000,0.0000,0.0000,1.0000,1.0000E+00,1.0000E+00,
69,   ,   ,   ,1472.0000,65535.0000,23716.0000,22244.0000,0.0000,0.0000,0.0000,1.0000,1.0000E+00,1.0000E+00,
70,   ,   ,   ,1422.0000,65535.0000,23641.0000,22219.0000,0.0000,0.0000,0.0000,1.0000,1.0000E+00,1.0000E+00,
71,   ,   ,   ,1433.0000,65535.0000,23443.0000,22010.0000,0.0000,0.0000,0.0000,1.0000,1.0000E+00,1.0000E+00,
72,   ,   ,   ,1426.0000,65535.0000,23135.0000,21709.0000,0.0000,0.0000,0.0000,1.0000,1.0000E+00,1.0000E+00,
73,   ,   ,   ,1427.0000,65535.0000,22736.0000,21309.0000,0.0000,0.0000,0.0000,1.0000,1.0000E+00,1.0000E+00,
74,   ,   ,   ,1421.0000,65535.0000,22337.0000,20916.0000,0.0000,0.0000,0.0000,1.0000,1.0000E+00,1.0000E+00,
75,   ,   ,   ,1417.0000,65535.0000,21850.0000,20433.0000,0.0000,0.0000,0.0000,1.0000,1.0000E+00,1.0000E+00,
76,   ,   ,   ,1426.0000,65535.0000,21188.0000,19762.0000,0.0000,0.0000,0.0000,1.0000,1.0000E+00,1.0000E+00,
77,   ,   ,   ,1419.0000,65535.0000,20420.0000,19001.0000,0.0000,0.0000,0.0000,1.0000,1.0000E+00,1.0000E+00,
78,   ,   ,   ,1394.0000,65535.0000,19549.0000,18155.0000,0.0000,0.0000,0.0000,1.0000,1.0000E+00,1.0000E+00,
79,   ,   ,   ,1436.0000,65535.0000,18882.0000,17446.0000,0.0000,0.0000,0.0000,1.0000,1.0000E+00,1.0000E+00,
80,   ,   ,   ,1423.0000,65535.0000,18148.0000,16725.0000,0.0000,0.0000,0.0000,1.0000,1.0000E+00,1.0000E+00,
81,   ,   ,   ,1412.0000,65535.0000,17338.0000,15926.0000,0.0000,0.0000,0.0000,1.0000,1.0000E+00,1.0000E+00,
82,   ,   ,   ,1411.0000,65535.0000,16668.0000,15257.0000,0.0000,0.0000,0.0000,1.0000,1.0000E+00,1.0000E+00,
83,   ,   ,   ,1415.0000,65535.0000,15855.0000,14440.0000,0.0000,0.0000,0.0000,1.0000,1.0000E+00,1.0000E+00,
84,   ,   ,   ,1426.0000,65535.0000,15344.0000,13918.0000,0.0000,0.0000,0.0000,1.0000,1.0000E+00,1.0000E+00,
85,   ,   ,   ,1437.0000,65535.0000,14937.0000,13500.0000,0.0000,0.0000,0.0000,1.0000,1.0000E+00,1.0000E+00,
86,   ,   ,   ,1416.0000,65535.0000,14666.0000,13250.0000,0.0000,0.0000,0.0000,1.0000,1.0000E+00,1.0000E+00,
87,   ,   ,   ,1423.0000,65535.0000,14315.0000,12892.0000,0.0000,0.0000,0.0000,1.0000,1.0000E+00,1.0000E+00,
88,   ,   ,   ,1396.0000,65535.0000,14141.0000,12745.0000,0.0000,0.0000,0.0000,1.0000,1.0000E+00,1.0000E+00,
89,   ,   ,   ,1438.0000,65535.0000,13983.0000,12545.0000,0.0000,0.0000,0.0000,1.0000,1.0000E+00,1.0000E+00,
90,   ,   ,   ,1435.0000,65535.0000,13985.0000,12550.0000,0.0000,0.0000,0.0000,1.0000,1.0000E+00,1.0000E+00,
91,   ,   ,   ,1416.0000,65535.0000,13961.0000,12545.0000,0.0000,0.0000,0.0000,1.0000,1.0000E+00,1.0000E+00,
92,   ,   ,   ,1397.0000,65535.0000,13937.0000,12540.0000,0.0000,0.0000,0.0000,1.0000,1.0000E+00,1.0000E+00,
93,   ,   ,   ,1429.0000,65535.0000,13978.0000,12549.0000,0.0000,0.0000,0.0000,1.0000,1.0000E+00,1.0000E+00,
94,   ,   ,   ,1428.0000,65535.0000,13944.0000,12516.0000,0.0000,0.0000,0.0000,1.0000,1.0000E+00,1.0000E+00,
95,   ,   ,   ,1435.0000,65535.0000,13905.0000,12470.0000,0.0000,0.0000,0.0000,1.0000,1.0000E+00,1.0000E+00,
96,   ,   ,   ,1434.0000,65535.0000,13767.0000,12333.0000,0.0000,0.0000,0.0000,1.0000,1.0000E+00,1.0000E+00,
97,   ,   ,   ,1405.0000,65535.0000,13926.0000,12521.0000,0.0000,0.0000,0.0000,1.0000,1.0000E+00,1.0000E+00,
98,   ,   ,   ,1436.0000,65535.0000,14024.0000,12588.0000,0.0000,0.0000,0.0000,1.0000,1.0000E+00,1.0000E+00,
99,   ,   ,   ,1417.0000,65535.0000,13979.0000,12562.0000,0.0000,0.0000,0.0000,1.0000,1.0000E+00,1.0000E+00,
100,   ,   ,   ,1424.0000,65535.0000,14083.0000,12659.0000,0.0000,0.0000,0.0000,1.0000,1.0000E+00,1.0000E+00,
101,   ,   ,   ,1594.0000,65535.0000,14156.0000,12562.0000,0.0000,0.0000,0.0000,1.0000,1.0000E+00,1.0000E+00,
102,   ,   ,   ,1696.0000,65535.0000,14375.0000,12679.0000,0.0000,0.0000,0.0000,1.0000,1.0000E+00,1.0000E+00,
103,797.26,12542.99,198.46,1582.0000,65535.0000,14353.0000,12771.0000,0.0000,0.0000,0.0000,1.0000,1.0000E+00,1.0000E+00,
104,797.41,12540.61,200.84,1430.0000,65535.0000,14261.0000,12831.0000,0.0000,0.0000,0.0000,1.0000,1.0000E+00,1.0000E+00,
105,797.56,12538.23,203.22,1442.0000,65535.0000,14192.0000,12750.0000,0.0000,0.0000,0.0000,1.0000,1.0000E+00,1.0000E+00,
106,797.71,12535.84,205.61,1632.0000,65535.0000,14425.0000,12793.0000,0.0000,0.0000,0.0000,1.0000,1.0000E+00,1.0000E+00,
107,797.86,12533.46,207.99,1423.0000,65535.0000,14211.0000,12788.0000,0.0000,0.0000,0.0000,1.0000,1.0000E+00,1.0000E+00,
108,798.02,12531.08,210.37,1418.0000,65535.0000,14102.0000,12684.0000,0.0000,0.0000,0.0000,1.0000,1.0000E+00,1.0000E+00,
109,798.17,12528.71,212.74,1404.0000,65535.0000,14115.0000,12711.0000,0.0000,0.0000,0.0000,1.0000,1.0000E+00,1.0000E+00,
110,798.32,12526.33,215.12,1429.0000,65535.0000,13986.0000,12557.0000,0.0000,0.0000,0.0000,1.0000,1.0000E+00,1.0000E+00,
111,798.47,12523.95,217.50,1419.0000,65535.0000,13821.0000,12402.0000,0.0000,0.0000,0.0000,1.0000,1.0000E+00,1.0000E+00,
112,798.62,12521.58,219.87,1424.0000,65535.0000,13849.0000,12425.0000,0.0000,0.0000,0.0000,1.0000,1.0000E+00,1.0000E+00,
113,798.77,12519.20,222.25,1422.0000,65535.0000,13633.0000,12211.0000,0.0000,0.0000,0.0000,1.0000,1.0000E+00,1.0000E+00,
114,798.92,12516.83,224.62,1433.0000,65535.0000,13568.0000,12135.0000,0.0000,0.0000,0.0000,1.0000,1.0000E+00,1.0000E+00,
115,799.08,12514.46,226.99,1425.0000,65535.0000,13456.0000,12031.0000,0.0000,0.0000,0.0000,1.0000,1.0000E+00,1.0000E+00,
116,799.23,12512.08,229.37,1450.0000,65535.0000,13230.0000,11780.0000,0.0000,0.0000,0.0000,1.0000,1.0000E+00,1.0000E+00,
117,799.38,12509.71,231.74,1441.0000,65535.0000,13149.0000,11708.0000,0.0000,0.0000,0.0000,1.0000,1.0000E+00,1.0000E+00,
118,799.53,12507.35,234.11,1443.0000,65535.0000,12925.0000,11482.0000,0.0000,0.0000,0.0000,1.0000,1.0000E+00,1.0000E+00,
119,799.68,12504.98,236.47,1408.0000,65535.0000,12669.0000,11261.0000,0.0000,0.0000,0.0000,1.0000,1.0000E+00,1.0000E+00,
120,799.83,12502.61,238.84,1426.0000,65535.0000,12572.0000,11146.0000,0.0000,0.0000,0.0000,1.0000,1.0000E+00,1.0000E+00,
121,799.98,12500.24,241.21,1449.0000,65535.0000,12371.0000,10922.0000,0.0000,0.0000,0.0000,1.0000,1.0000E+00,1.0000E+00,
122,800.14,12497.88,243.57,1466.0000,65535.0000,12250.0000,10784.0000,0.0000,0.0000,0.0000,1.0000,1.0000E+00,1.0000E+00,
123,800.29,12495.51,245.94,1470.0000,65535.0000,12131.0000,10661.0000,0.0000,0.0000,0.0000,1.0000,1.0000E+00,1.0000E+00,
124,800.44,12493.15,248.30,1431.0000,65535.0000,11853.0000,10422.0000,0.0000,0.0000,0.0000,1.0000,1.0000E+00,1.0000E+00,
125,800.59,12490.79,250.66,1383.0000,65535.0000,11733.0000,10350.0000,0.0000,0.0000,0.0000,1.0000,1.0000E+00,1.0000E+00,
126,800.74,12488.43,253.02,1461.0000,65535.0000,11576.0000,10115.0000,0.0000,0.0000,0.0000,1.0000,1.0000E+00,1.0000E+00,
127,800.89,12486.07,255.38,1412.0000,65535.0000,11281.0000,9869.0000,0.0000,0.0000,0.0000,1.0000,1.0000E+00,1.0000E+00,
128,801.04,12483.71,257.74,1433.0000,65535.0000,11014.0000,9581.0000,0.0000,0.0000,0.0000,1.0000,1.0000E+00,1.0000E+00,
129,801.20,12481.35,260.10,1458.0000,65535.0000,10735.0000,9277.0000,0.0000,0.0000,0.0000,1.0000,1.0000E+00,1.0000E+00,
130,801.35,12479.00,262.45,1421.0000,65535.0000,10381.0000,8960.0000,0.0000,0.0000,0.0000,1.0000,1.0000E+00,1.0000E+00,
131,801.50,12476.64,264.81,1432.0000,65535.0000,10283.0000,8851.0000,0.0000,0.0000,0.0000,1.0000,1.0000E+00,1.0000E+00,
132,801.65,12474.29,267.17,1449.0000,65535.0000,9944.0000,8495.0000,0.0000,0.0000,0.0000,1.0000,1.0000E+00,1.0000E+00,
133,801.80,12471.93,269.52,1399.0000,65535.0000,9677.0000,8278.0000,0.0000,0.0000,0.0000,1.0000,1.0000E+00,1.0000E+00,
134,801.95,12469.58,271.87,1408.0000,65535.0000,9480.0000,8072.0000,0.0000,0.0000,0.0000,1.0000,1.0000E+00,1.0000E+00,
135,802.10,12467.23,274.22,1428.0000,65535.0000,9287.0000,7859.0000,0.0000,0.0000,0.0000,1.0000,1.0000E+00,1.0000E+00,
136,802.25,12464.88,276.57,1438.0000,65535.0000,9136.0000,7698.0000,0.0000,0.0000,0.0000,1.0000,1.0000E+00,1.0000E+00,
137,802.41,12462.53,278.92,1428.0000,65535.0000,9058.0000,7630.0000,0.0000,0.0000,0.0000,1.0000,1.0000E+00,1.0000E+00,
138,802.56,12460.18,281.27,1406.0000,65535.0000,9073.0000,7667.0000,0.0000,0.0000,0.0000,1.0000,1.0000E+00,1.0000E+00,
139,802.71,12457.83,283.62,1390.0000,65535.0000,9114.0000,7724.0000,0.0000,0.0000,0.0000,1.0000,1.0000E+00,1.0000E+00,
140,802.86,12455.48,285.97,1413.0000,65535.0000,8911.0000,7498.0000,0.0000,0.0000,0.0000,1.0000,1.0000E+00,1.0000E+00,
141,803.01,12453.14,288.31,1431.0000,65535.0000,9036.0000,7605.0000,0.0000,0.0000,0.0000,1.0000,1.0000E+00,1.0000E+00,
142,803.16,12450.79,290.66,1431.0000,65535.0000,8815.0000,7384.0000,0.0000,0.0000,0.0000,1.0000,1.0000E+00,1.0000E+00,
143,803.31,12448.45,293.00,1406.0000,65535.0000,8719.0000,7313.0000,0.0000,0.0000,0.0000,1.0000,1.0000E+00,1.0000E+00,
144,803.46,12446.11,295.34,1444.0000,65535.0000,8589.0000,7145.0000,0.0000,0.0000,0.0000,1.0000,1.0000E+00,1.0000E+00,
145,803.62,12443.77,297.68,1416.0000,65535.0000,8280.0000,6864.0000,0.0000,0.0000,0.0000,1.0000,1.0000E+00,1.0000E+00,
146,803.77,12441.43,300.02,1423.0000,65535.0000,8164.0000,6741.0000,0.0000,0.0000,0.0000,1.0000,1.0000E+00,1.0000E+00,
147,803.92,12439.09,302.36,1422.0000,65535.0000,7766.0000,6344.0000,0.0000,0.0000,0.0000,1.0000,1.0000E+00,1.0000E+00,
148,804.07,12436.75,304.70,1439.0000,65535.0000,7494.0000,6055.0000,0.0000,0.0000,0.0000,1.0000,1.0000E+00,1.0000E+00,
149,804.22,12434.41,307.04,1436.0000,65535.0000,7222.0000,5786.0000,0.0000,0.0000,0.0000,1.0000,1.0000E+00,1.0000E+00,
150,804.37,12432.08,309.38,1440.0000,65535.0000,7091.0000,5651.0000,0.0000,0.0000,0.0000,1.0000,1.0000E+00,1.0000E+00,
151,804.52,12429.74,311.71,1457.0000,65535.0000,6952.0000,5495.0000,0.0000,0.0000,0.0000,1.0000,1.0000E+00,1.0000E+00,
152,804.67,12427.41,314.04,1466.0000,65535.0000,6728.0000,5262.0000,0.0000,0.0000,0.0000,1.0000,1.0000E+00,1.0000E+00,
153,804.82,12425.07,316.38,1415.0000,65535.0000,6536.0000,5121.0000,0.0000,0.0000,0.0000,1.0000,1.0000E+00,1.0000E+00,
154,804.98,12422.74,318.71,1379.0000,65535.0000,6396.0000,5017.0000,0.0000,0.0000,0.0000,1.0000,1.0000E+00,1.0000E+00,
155,805.13,12420.41,321.04,1467.0000,65535.0000,6353.0000,4886.0000,0.0000,0.0000,0.0000,1.0000,1.0000E+00,1.0000E+00,
156,805.28,12418.08,323.37,1435.0000,65535.0000,6252.0000,4817.0000,0.0000,0.0000,0.0000,1.0000,1.0000E+00,1.0000E+00,
157,805.43,12415.75,325.70,1431.0000,65535.0000,6181.0000,4750.0000,0.0000,0.0000,0.0000,1.0000,1.0000E+00,1.0000E+00,
158,805.58,12413.42,328.03,1429.0000,65535.0000,6011.0000,4582.0000,0.0000,0.0000,0.0000,1.0000,1.0000E+00,1.0000E+00,
159,805.73,12411.09,330.36,1399.0000,65535.0000,5966.0000,4567.0000,0.0000,0.0000,0.0000,1.0000,1.0000E+00,1.0000E+00,
160,805.88,12408.77,332.68,1427.0000,65535.0000,5920.0000,4493.0000,0.0000,0.0000,0.0000,1.0000,1.0000E+00,1.0000E+00,
161,806.03,12406.44,335.01,1433.0000,65535.0000,5850.0000,4417.0000,0.0000,0.0000,0.0000,1.0000,1.0000E+00,1.0000E+00,
162,806.18,12404.12,337.33,1390.0000,65535.0000,5785.0000,4395.0000,0.0000,0.0000,0.0000,1.0000,1.0000E+00,1.0000E+00,
163,806.33,12401.80,339.65,1425.0000,65535.0000,5807.0000,4382.0000,0.0000,0.0000,0.0000,1.0000,1.0000E+00,1.0000E+00,
164,806.49,12399.47,341.98,1390.0000,65535.0000,5738.0000,4348.0000,0.0000,0.0000,0.0000,1.0000,1.0000E+00,1.0000E+00,
165,806.64,12397.15,344.30,1459.0000,65535.0000,5746.0000,4287.0000,0.0000,0.0000,0.0000,1.0000,1.0000E+00,1.0000E+00,
166,806.79,12394.83,346.62,1404.0000,65535.0000,5795.0000,4391.0000,0.0000,0.0000,0.0000,1.0000,1.0000E+00,1.0000E+00,
167,806.94,12392.51,348.94,1416.0000,65535.0000,5672.0000,4256.0000,0.0000,0.0000,0.0000,1.0000,1.0000E+00,1.0000E+00,
168,807.09,12390.20,351.25,1439.0000,65535.0000,5585.0000,4146.0000,0.0000,0.0000,0.0000,1.0000,1.0000E+00,1.0000E+00,
169,807.24,12387.88,353.57,1420.0000,65535.0000,5616.0000,4196.0000,0.0000,0.0000,0.0000,1.0000,1.0000E+00,1.0000E+00,
170,807.39,12385.56,355.89,1436.0000,65535.0000,5645.0000,4209.0000,0.0000,0.0000,0.0000,1.0000,1.0000E+00,1.0000E+00,
171,807.54,12383.25,358.20,1424.0000,65535.0000,5570.0000,4146.0000,0.0000,0.0000,0.0000,1.0000,1.0000E+00,1.0000E+00,
172,807.69,12380.93,360.52,1418.0000,65535.0000,5479.0000,4061.0000,0.0000,0.0000,0.0000,1.0000,1.0000E+00,1.0000E+00,
173,807.84,12378.62,362.83,1451.0000,65535.0000,5555.0000,4104.0000,0.0000,0.0000,0.0000,1.0000,1.0000E+00,1.0000E+00,
174,808.00,12376.31,365.14,1404.0000,65535.0000,5471.0000,4067.0000,0.0000,0.0000,0.0000,1.0000,1.0000E+00,1.0000E+00,
175,808.15,12374.00,367.45,1410.0000,65535.0000,5486.0000,4076.0000,0.0000,0.0000,0.0000,1.0000,1.0000E+00,1.0000E+00,
176,808.30,12371.69,369.76,1405.0000,65535.0000,5473.0000,4068.0000,0.0000,0.0000,0.0000,1.0000,1.0000E+00,1.0000E+00,
177,808.45,12369.38,372.07,1449.0000,65535.0000,5467.0000,4018.0000,0.0000,0.0000,0.0000,1.0000,1.0000E+00,1.0000E+00,
178,808.60,12367.07,374.38,1411.0000,65535.0000,5454.0000,4043.0000,0.0000,0.0000,0.0000,1.0000,1.0000E+00,1.0000E+00,
179,808.75,12364.76,376.69,1451.0000,65535.0000,5406.0000,3955.0000,0.0000,0.0000,0.0000,1.0000,1.0000E+00,1.0000E+00,
180,808.90,12362.46,378.99,1450.0000,65535.0000,5473.0000,4023.0000,0.0000,0.0000,0.0000,1.0000,1.0000E+00,1.0000E+00,
181,809.05,12360.15,381.30,1449.0000,65535.0000,5397.0000,3948.0000,0.0000,0.0000,0.0000,1.0000,1.0000E+00,1.0000E+00,
182,809.20,12357.85,383.60,1422.0000,65535.0000,5380.0000,3958.0000,0.0000,0.0000,0.0000,1.0000,1.0000E+00,1.0000E+00,
183,809.35,12355.55,385.90,1434.0000,65535.0000,5369.0000,3935.0000,0.0000,0.0000,0.0000,1.0000,1.0000E+00,1.0000E+00,
184,809.50,12353.24,388.21,1447.0000,65535.0000,5314.0000,3867.0000,0.0000,0.0000,0.0000,1.0000,1.0000E+00,1.0000E+00,
185,809.65,12350.94,390.51,1418.0000,65535.0000,5246.0000,3828.0000,0.0000,0.0000,0.0000,1.0000,1.0000E+00,1.0000E+00,
186,809.81,12348.64,392.81,1406.0000,65535.0000,5215.0000,3809.0000,0.0000,0.0000,0.0000,1.0000,1.0000E+00,1.0000E+00,
187,809.96,12346.34,395.11,1438.0000,65535.0000,5230.0000,3792.0000,0.0000,0.0000,0.0000,1.0000,1.0000E+00,1.0000E+00,
188,810.11,12344.05,397.40,1586.0000,65535.0000,5400.0000,3814.0000,0.0000,0.0000,0.0000,1.0000,1.0000E+00,1.0000E+00,
189,810.26,12341.75,399.70,1416.0000,65535.0000,5273.0000,3857.0000,0.0000,0.0000,0.0000,1.0000,1.0000E+00,1.0000E+00,
190,810.41,12339.45,402.00,1518.0000,65535.0000,5297.0000,3779.0000,0.0000,0.0000,0.0000,1.0000,1.0000E+00,1.0000E+00,
191,810.56,12337.16,404.29,1725.0000,65535.0000,5454.0000,3729.0000,0.0000,0.0000,0.0000,1.0000,1.0000E+00,1.0000E+00,
192,810.71,12334.87,406.59,1426.0000,65535.0000,5269.0000,3843.0000,0.0000,0.0000,0.0000,1.0000,1.0000E+00,1.0000E+00,
193,810.86,12332.57,408.88,1444.0000,65535.0000,5253.0000,3809.0000,0.0000,0.0000,0.0000,1.0000,1.0000E+00,1.0000E+00,
194,811.01,12330.28,411.17,1417.0000,65535.0000,5262.0000,3845.0000,0.0000,0.0000,0.0000,1.0000,1.0000E+00,1.0000E+00,
195,811.16,12327.99,413.46,1470.0000,65535.0000,5364.0000,3894.0000,0.0000,0.0000,0.0000,1.0000,1.0000E+00,1.0000E+00,
196,811.31,12325.70,415.75,1458.0000,65535.0000,5335.0000,3877.0000,0.0000,0.0000,0.0000,1.0000,1.0000E+00,1.0000E+00,
197,811.46,12323.41,418.04,1380.0000,65535.0000,5368.0000,3988.0000,0.0000,0.0000,0.0000,1.0000,1.0000E+00,1.0000E+00,
198,811.61,12321.12,420.33,1430.0000,65535.0000,5402.0000,3972.0000,0.0000,0.0000,0.0000,1.0000,1.0000E+00,1.0000E+00,
199,811.77,12318.84,422.62,1424.0000,65535.0000,5378.0000,3954.0000,0.0000,0.0000,0.0000,1.0000,1.0000E+00,1.0000E+00,
200,811.92,12316.55,424.90,1426.0000,65535.0000,5414.0000,3988.0000,0.0000,0.0000,0.0000,1.0000,1.0000E+00,1.0000E+00,
201,812.07,12314.26,427.19,1437.0000,65535.0000,5440.0000,4003.0000,0.0000,0.0000,0.0000,1.0000,1.0000E+00,1.0000E+00,
202,812.22,12311.98,429.47,1427.0000,65535.0000,5473.0000,4046.0000,0.0000,0.0000,0.0000,1.0000,1.0000E+00,1.0000E+00,
203,812.37,12309.70,431.75,1398.0000,65535.0000,5391.0000,3993.0000,0.0000,0.0000,0.0000,1.0000,1.0000E+00,1.0000E+00,
204,812.52,12307.42,434.04,1401.0000,65535.0000,5492.0000,4091.0000,0.0000,0.0000,0.0000,1.0000,1.0000E+00,1.0000E+00,
205,812.67,12305.13,436.32,1451.0000,65535.0000,5520.0000,4069.0000,0.0000,0.0000,0.0000,1.0000,1.0000E+00,1.0000E+00,
206,812.82,12302.85,438.60,1434.0000,65535.0000,5441.0000,4007.0000,0.0000,0.0000,0.0000,1.0000,1.0000E+00,1.0000E+00,
207,812.97,12300.57,440.88,1395.0000,65535.0000,5374.0000,3979.0000,0.0000,0.0000,0.0000,1.0000,1.0000E+00,1.0000E+00,
208,813.12,12298.30,443.15,1422.0000,65535.0000,5421.0000,3999.0000,0.0000,0.0000,0.0000,1.0000,1.0000E+00,1.0000E+00,
209,813.27,12296.02,445.43,1406.0000,65535.0000,5414.0000,4008.0000,0.0000,0.0000,0.0000,1.0000,1.0000E+00,1.0000E+00,
210,813.42,12293.74,447.71,1394.0000,65535.0000,5283.0000,3889.0000,0.0000,0.0000,0.0000,1.0000,1.0000E+00,1.0000E+00,
211,813.57,12291.47,449.98,1400.0000,65535.0000,5208.0000,3808.0000,0.0000,0.0000,0.0000,1.0000,1.0000E+00,1.0000E+00,
212,813.72,12289.19,452.26,1467.0000,65535.0000,5160.0000,3693.0000,0.0000,0.0000,0.0000,1.0000,1.0000E+00,1.0000E+00,
213,813.87,12286.92,454.53,1393.0000,65535.0000,5129.0000,3736.0000,0.0000,0.0000,0.0000,1.0000,1.0000E+00,1.0000E+00,
214,814.02,12284.65,456.80,1405.0000,65535.0000,5067.0000,3662.0000,0.0000,0.0000,0.0000,1.0000,1.0000E+00,1.0000E+00,
215,814.17,12282.38,459.07,1378.0000,65535.0000,5043.0000,3665.0000,0.0000,0.0000,0.0000,1.0000,1.0000E+00,1.0000E+00,
216,814.33,12280.11,461.34,1418.0000,65535.0000,4944.0000,3526.0000,0.0000,0.0000,0.0000,1.0000,1.0000E+00,1.0000E+00,
217,814.48,12277.84,463.61,1420.0000,65535.0000,4959.0000,3539.0000,0.0000,0.0000,0.0000,1.0000,1.0000E+00,1.0000E+00,
218,814.63,12275.57,465.88,1441.0000,65535.0000,4878.0000,3437.0000,0.0000,0.0000,0.0000,1.0000,1.0000E+00,1.0000E+00,
219,814.78,12273.30,468.15,1409.0000,65535.0000,4908.0000,3499.0000,0.0000,0.0000,0.0000,1.0000,1.0000E+00,1.0000E+00,
220,814.93,12271.04,470.41,1423.0000,65535.0000,4920.0000,3497.0000,0.0000,0.0000,0.0000,1.0000,1.0000E+00,1.0000E+00,
221,815.08,12268.77,472.68,1441.0000,65535.0000,4982.0000,3541.0000,0.0000,0.0000,0.0000,1.0000,1.0000E+00,1.0000E+00,
222,815.23,12266.51,474.94,1415.0000,65535.0000,4903.0000,3488.0000,0.0000,0.0000,0.0000,1.0000,1.0000E+00,1.0000E+00,
223,815.38,12264.24,477.21,1420.0000,65535.0000,4916.0000,3496.0000,0.0000,0.0000,0.0000,1.0000,1.0000E+00,1.0000E+00,
224,815.53,12261.98,479.47,1471.0000,65535.0000,4858.0000,3387.0000,0.0000,0.0000,0.0000,1.0000,1.0000E+00,1.0000E+00,
225,815.68,12259.72,481.73,1410.0000,65535.0000,4929.0000,3519.0000,0.0000,0.0000,0.0000,1.0000,1.0000E+00,1.0000E+00,
226,815.83,12257.46,483.99,1390.0000,65535.0000,4964.0000,3574.0000,0.0000,0.0000,0.0000,1.0000,1.0000E+00,1.0000E+00,
227,815.98,12255.20,486.25,1442.0000,65535.0000,4920.0000,3478.0000,0.0000,0.0000,0.0000,1.0000,1.0000E+00,1.0000E+00,
228,816.13,12252.94,488.51,1464.0000,65535.0000,4969.0000,3505.0000,0.0000,0.0000,0.0000,1.0000,1.0000E+00,1.0000E+00,
229,816.28,12250.68,490.77,1432.0000,65535.0000,4938.0000,3506.0000,0.0000,0.0000,0.0000,1.0000,1.0000E+00,1.0000E+00,
230,816.43,12248.43,493.02,1413.0000,65535.0000,4951.0000,3538.0000,0.0000,0.0000,0.0000,1.0000,1.0000E+00,1.0000E+00,
231,816.58,12246.17,495.28,1465.0000,65535.0000,4906.0000,3441.0000,0.0000,0.0000,0.0000,1.0000,1.0000E+00,1.0000E+00,
232,816.73,12243.92,497.53,1431.0000,65535.0000,4941.0000,3510.0000,0.0000,0.0000,0.0000,1.0000,1.0000E+00,1.0000E+00,
233,816.88,12241.66,499.79,1426.0000,65535.0000,4963.0000,3537.0000,0.0000,0.0000,0.0000,1.0000,1.0000E+00,1.0000E+00,
234,817.03,12239.41,502.04,1434.0000,65535.0000,4970.0000,3536.0000,0.0000,0.0000,0.0000,1.0000,1.0000E+00,1.0000E+00,
235,817.18,12237.16,504.29,1432.0000,65535.0000,4957.0000,3525.0000,0.0000,0.0000,0.0000,1.0000,1.0000E+00,1.0000E+00,
236,817.33,12234.91,506.54,1430.0000,65535.0000,4991.0000,3561.0000,0.0000,0.0000,0.0000,1.0000,1.0000E+00,1.0000E+00,
237,817.48,12232.66,508.79,1394.0000,65535.0000,4944.0000,3550.0000,0.0000,0.0000,0.0000,1.0000,1.0000E+00,1.0000E+00,
238,817.63,12230.41,511.04,1418.0000,65535.0000,4880.0000,3462.0000,0.0000,0.0000,0.0000,1.0000,1.0000E+00,1.0000E+00,
239,817.78,12228.16,513.29,1405.0000,65535.0000,4928.0000,3523.0000,0.0000,0.0000,0.0000,1.0000,1.0000E+00,1.0000E+00,
240,817.93,12225.92,515.53,1394.0000,65535.0000,4953.0000,3559.0000,0.0000,0.0000,0.0000,1.0000,1.0000E+00,1.0000E+00,
241,818.08,12223.67,517.78,1455.0000,65535.0000,4906.0000,3451.0000,0.0000,0.0000,0.0000,1.0000,1.0000E+00,1.0000E+00,
242,818.24,12221.43,520.03,1392.0000,65535.0000,4930.0000,3538.0000,0.0000,0.0000,0.0000,1.0000,1.0000E+00,1.0000E+00,
243,818.39,12219.18,522.27,1412.0000,65535.0000,4923.0000,3511.0000,0.0000,0.0000,0.0000,1.0000,1.0000E+00,1.0000E+00,
244,818.54,12216.94,524.51,1436.0000,65535.0000,4912.0000,3476.0000,0.0000,0.0000,0.0000,1.0000,1.0000E+00,1.0000E+00,
245,818.69,12214.70,526.75,1454.0000,65535.0000,5002.0000,3548.0000,0.0000,0.0000,0.0000,1.0000,1.0000E+00,1.0000E+00,
246,818.84,12212.46,528.99,1409.0000,65535.0000,4948.0000,3539.0000,0.0000,0.0000,0.0000,1.0000,1.0000E+00,1.0000E+00,
247,818.99,12210.22,531.23,1408.0000,65535.0000,4911.0000,3503.0000,0.0000,0.0000,0.0000,1.0000,1.0000E+00,1.0000E+00,
248,819.14,12207.98,533.47,1389.0000,65535.0000,4962.0000,3573.0000,0.0000,0.0000,0.0000,1.0000,1.0000E+00,1.0000E+00,
249,819.29,12205.74,535.71,1421.0000,65535.0000,4948.0000,3527.0000,0.0000,0.0000,0.0000,1.0000,1.0000E+00,1.0000E+00,
250,819.44,12203.50,537.95,1432.0000,65535.0000,4931.0000,3499.0000,0.0000,0.0000,0.0000,1.0000,1.0000E+00,1.0000E+00,
251,819.59,12201.27,540.19,1388.0000,65535.0000,4993.0000,3605.0000,0.0000,0.0000,0.0000,1.0000,1.0000E+00,1.0000E+00,
252,819.74,12199.03,542.42,1437.0000,65535.0000,4967.0000,3530.0000,0.0000,0.0000,0.0000,1.0000,1.0000E+00,1.0000E+00,
253,819.89,12196.80,544.65,1460.0000,65535.0000,4931.0000,3471.0000,0.0000,0.0000,0.0000,1.0000,1.0000E+00,1.0000E+00,
254,820.04,12194.56,546.89,1433.0000,65535.0000,4863.0000,3430.0000,0.0000,0.0000,0.0000,1.0000,1.0000E+00,1.0000E+00,
255,820.19,12192.33,549.12,1478.0000,65535.0000,4874.0000,3396.0000,0.0000,0.0000,0.0000,1.0000,1.0000E+00,1.0000E+00,
256,820.34,12190.10,551.35,1448.0000,65535.0000,4927.0000,3479.0000,0.0000,0.0000,0.0000,1.0000,1.0000E+00,1.0000E+00,
257,820.49,12187.87,553.58,1441.0000,65535.0000,4874.0000,3433.0000,0.0000,0.0000,0.0000,1.0000,1.0000E+00,1.0000E+00,
258,820.64,12185.64,555.81,1400.0000,65535.0000,4806.0000,3406.0000,0.0000,0.0000,0.0000,1.0000,1.0000E+00,1.0000E+00,
259,820.79,12183.41,558.04,1468.0000,65535.0000,4805.0000,3337.0000,0.0000,0.0000,0.0000,1.0000,1.0000E+00,1.0000E+00,
260,820.94,12181.18,560.27,1404.0000,65535.0000,4832.0000,3428.0000,0.0000,0.0000,0.0000,1.0000,1.0000E+00,1.0000E+00,
261,821.09,12178.96,562.49,1402.0000,65535.0000,4813.0000,3411.0000,0.0000,0.0000,0.0000,1.0000,1.0000E+00,1.0000E+00,
262,821.24,12176.73,564.72,1437.0000,65535.0000,4846.0000,3409.0000,0.0000,0.0000,0.0000,1.0000,1.0000E+00,1.0000E+00,
263,821.39,12174.51,566.94,1417.0000,65535.0000,4732.0000,3315.0000,0.0000,0.0000,0.0000,1.0000,1.0000E+00,1.0000E+00,
264,821.54,12172.28,569.17,1404.0000,65535.0000,4846.0000,3442.0000,0.0000,0.0000,0.0000,1.0000,1.0000E+00,1.0000E+00,
265,821.69,12170.06,571.39,1415.0000,65535.0000,4701.0000,3286.0000,0.0000,0.0000,0.0000,1.0000,1.0000E+00,1.0000E+00,
266,821.84,12167.84,573.61,1484.0000,65535.0000,4776.0000,3292.0000,0.0000,0.0000,0.0000,1.0000,1.0000E+00,1.0000E+00,
267,821.99,12165.62,575.83,1402.0000,65535.0000,4694.0000,3292.0000,0.0000,0.0000,0.0000,1.0000,1.0000E+00,1.0000E+00,
268,822.14,12163.40,578.05,1391.0000,65535.0000,4707.0000,3316.0000,0.0000,0.0000,0.0000,1.0000,1.0000E+00,1.0000E+00,
269,822.29,12161.18,580.27,1434.0000,65535.0000,4678.0000,3244.0000,0.0000,0.0000,0.0000,1.0000,1.0000E+00,1.0000E+00,
270,822.44,12158.96,582.49,1431.0000,65535.0000,4674.0000,3243.0000,0.0000,0.0000,0.0000,1.0000,1.0000E+00,1.0000E+00,
271,822.59,12156.74,584.71,1417.0000,65535.0000,4595.0000,3178.0000,0.0000,0.0000,0.0000,1.0000,1.0000E+00,1.0000E+00,
272,822.74,12154.53,586.92,1409.0000,65535.0000,4627.0000,3218.0000,0.0000,0.0000,0.0000,1.0000,1.0000E+00,1.0000E+00,
273,822.89,12152.31,589.14,1395.0000,65535.0000,4616.0000,3221.0000,0.0000,0.0000,0.0000,1.0000,1.0000E+00,1.0000E+00,
274,823.04,12150.10,591.35,1438.0000,65535.0000,4590.0000,3152.0000,0.0000,0.0000,0.0000,1.0000,1.0000E+00,1.0000E+00,
275,823.19,12147.89,593.57,1429.0000,65535.0000,4622.0000,3193.0000,0.0000,0.0000,0.0000,1.0000,1.0000E+00,1.0000E+00,
276,823.34,12145.67,595.78,1448.0000,65535.0000,4575.0000,3127.0000,0.0000,0.0000,0.0000,1.0000,1.0000E+00,1.0000E+00,
277,823.49,12143.46,597.99,1390.0000,65535.0000,4578.0000,3188.0000,0.0000,0.0000,0.0000,1.0000,1.0000E+00,1.0000E+00,
278,823.64,12141.25,600.20,1443.0000,65535.0000,4547.0000,3104.0000,0.0000,0.0000,0.0000,1.0000,1.0000E+00,1.0000E+00,
279,823.79,12139.04,602.41,1409.0000,65535.0000,4599.0000,3190.0000,0.0000,0.0000,0.0000,1.0000,1.0000E+00,1.0000E+00,
280,823.94,12136.83,604.62,1433.0000,65535.0000,4719.0000,3286.0000,0.0000,0.0000,0.0000,1.0000,1.0000E+00,1.0000E+00,
281,824.09,12134.63,606.82,1430.0000,65535.0000,4677.0000,3247.0000,0.0000,0.0000,0.0000,1.0000,1.0000E+00,1.0000E+00,
282,824.24,12132.42,609.03,1406.0000,65535.0000,4657.0000,3251.0000,0.0000,0.0000,0.0000,1.0000,1.0000E+00,1.0000E+00,
283,824.39,12130.21,611.24,1412.0000,65535.0000,4721.0000,3309.0000,0.0000,0.0000,0.0000,1.0000,1.0000E+00,1.0000E+00,
284,824.54,12128.01,613.44,1420.0000,65535.0000,4712.0000,3292.0000,0.0000,0.0000,0.0000,1.0000,1.0000E+00,1.0000E+00,
285,824.69,12125.81,615.64,1375.0000,65535.0000,4748.0000,3373.0000,0.0000,0.0000,0.0000,1.0000,1.0000E+00,1.0000E+00,
286,824.84,12123.60,617.85,1396.0000,65535.0000,4793.0000,3397.0000,0.0000,0.0000,0.0000,1.0000,1.0000E+00,1.0000E+00,
287,824.99,12121.40,620.05,1432.0000,65535.0000,4878.0000,3446.0000,0.0000,0.0000,0.0000,1.0000,1.0000E+00,1.0000E+00,
288,825.14,12119.20,622.25,1411.0000,65535.0000,4928.0000,3517.0000,0.0000,0.0000,0.0000,1.0000,1.0000E+00,1.0000E+00,
289,825.29,12117.00,624.45,1430.0000,65535.0000,4933.0000,3503.0000,0.0000,0.0000,0.0000,1.0000,1.0000E+00,1.0000E+00,
290,825.44,12114.80,626.65,1444.0000,65535.0000,4795.0000,3351.0000,0.0000,0.0000,0.0000,1.0000,1.0000E+00,1.0000E+00,
291,825.59,12112.60,628.85,1436.0000,65535.0000,4819.0000,3383.0000,0.0000,0.0000,0.0000,1.0000,1.0000E+00,1.0000E+00,
292,825.74,12110.41,631.04,1418.0000,65535.0000,4834.0000,3416.0000,0.0000,0.0000,0.0000,1.0000,1.0000E+00,1.0000E+00,
293,825.89,12108.21,633.24,1411.0000,65535.0000,4799.0000,3388.0000,0.0000,0.0000,0.0000,1.0000,1.0000E+00,1.0000E+00,
294,826.04,12106.02,635.44,1408.0000,65535.0000,4701.0000,3293.0000,0.0000,0.0000,0.0000,1.0000,1.0000E+00,1.0000E+00,
295,826.19,12103.82,637.63,1429.0000,65535.0000,4798.0000,3369.0000,0.0000,0.0000,0.0000,1.0000,1.0000E+00,1.0000E+00,
296,826.34,12101.63,639.82,1408.0000,65535.0000,4785.0000,3377.0000,0.0000,0.0000,0.0000,1.0000,1.0000E+00,1.0000E+00,
297,826.48,12099.44,642.02,1434.0000,65535.0000,4838.0000,3404.0000,0.0000,0.0000,0.0000,1.0000,1.0000E+00,1.0000E+00,
298,826.63,12097.24,644.21,1381.0000,65535.0000,4856.0000,3475.0000,0.0000,0.0000,0.0000,1.0000,1.0000E+00,1.0000E+00,
299,826.78,12095.05,646.40,1373.0000,65535.0000,4885.0000,3512.0000,0.0000,0.0000,0.0000,1.0000,1.0000E+00,1.0000E+00,
300,826.93,12092.86,648.59,1424.0000,65535.0000,4893.0000,3469.0000,0.0000,0.0000,0.0000,1.0000,1.0000E+00,1.0000E+00,
301,827.08,12090.67,650.78,1457.0000,65535.0000,4930.0000,3473.0000,0.0000,0.0000,0.0000,1.0000,1.0000E+00,1.0000E+00,
302,827.23,12088.49,652.96,1448.0000,65535.0000,4954.0000,3506.0000,0.0000,0.0000,0.0000,1.0000,1.0000E+00,1.0000E+00,
303,827.38,12086.30,655.15,1373.0000,65535.0000,4904.0000,3531.0000,0.0000,0.0000,0.0000,1.0000,1.0000E+00,1.0000E+00,
304,827.53,12084.11,657.34,1409.0000,65535.0000,4872.0000,3463.0000,0.0000,0.0000,0.0000,1.0000,1.0000E+00,1.0000E+00,
305,827.68,12081.93,659.52,1406.0000,65535.0000,4789.0000,3383.0000,0.0000,0.0000,0.0000,1.0000,1.0000E+00,1.0000E+00,
306,827.83,12079.75,661.70,1421.0000,65535.0000,4773.0000,3352.0000,0.0000,0.0000,0.0000,1.0000,1.0000E+00,1.0000E+00,
307,827.98,12077.56,663.89,1428.0000,65535.0000,4724.0000,3296.0000,0.0000,0.0000,0.0000,1.0000,1.0000E+00,1.0000E+00,
308,828.13,12075.38,666.07,1426.0000,65535.0000,4785.0000,3359.0000,0.0000,0.0000,0.0000,1.0000,1.0000E+00,1.0000E+00,
309,828.28,12073.20,668.25,1419.0000,65535.0000,4765.0000,3346.0000,0.0000,0.0000,0.0000,1.0000,1.0000E+00,1.0000E+00,
310,828.43,12071.02,670.43,1430.0000,65535.0000,4625.0000,3195.0000,0.0000,0.0000,0.0000,1.0000,1.0000E+00,1.0000E+00,
311,828.58,12068.84,672.61,1422.0000,65535.0000,4732.0000,3310.0000,0.0000,0.0000,0.0000,1.0000,1.0000E+00,1.0000E+00,
312,828.73,12066.66,674.79,1451.0000,65535.0000,4731.0000,3280.0000,0.0000,0.0000,0.0000,1.0000,1.0000E+00,1.0000E+00,
313,828.88,12064.48,676.97,1446.0000,65535.0000,4753.0000,3307.0000,0.0000,0.0000,0.0000,1.0000,1.0000E+00,1.0000E+00,
314,829.03,12062.31,679.14,1444.0000,65535.0000,4801.0000,3357.0000,0.0000,0.0000,0.0000,1.0000,1.0000E+00,1.0000E+00,
315,829.18,12060.13,681.32,1454.0000,65535.0000,4799.0000,3345.0000,0.0000,0.0000,0.0000,1.0000,1.0000E+00,1.0000E+00,
316,829.33,12057.96,683.49,1426.0000,65535.0000,4741.0000,3315.0000,0.0000,0.0000,0.0000,1.0000,1.0000E+00,1.0000E+00,
317,829.48,12055.78,685.67,1427.0000,65535.0000,4765.0000,3338.0000,0.0000,0.0000,0.0000,1.0000,1.0000E+00,1.0000E+00,
318,829.63,12053.61,687.84,1402.0000,65535.0000,4790.0000,3388.0000,0.0000,0.0000,0.0000,1.0000,1.0000E+00,1.0000E+00,
319,829.78,12051.44,690.01,1407.0000,65535.0000,4747.0000,3340.0000,0.0000,0.0000,0.0000,1.0000,1.0000E+00,1.0000E+00,
320,829.93,12049.27,692.18,1416.0000,65535.0000,4733.0000,3317.0000,0.0000,0.0000,0.0000,1.0000,1.0000E+00,1.0000E+00,
321,830.08,12047.10,694.35,1435.0000,65535.0000,4793.0000,3358.0000,0.0000,0.0000,0.0000,1.0000,1.0000E+00,1.0000E+00,
322,830.22,12044.93,696.52,1444.0000,65535.0000,4813.0000,3369.0000,0.0000,0.0000,0.0000,1.0000,1.0000E+00,1.0000E+00,
323,830.37,12042.76,698.69,1431.0000,65535.0000,4879.0000,3448.0000,0.0000,0.0000,0.0000,1.0000,1.0000E+00,1.0000E+00,
324,830.52,12040.59,700.86,1367.0000,65535.0000,4885.0000,3518.0000,0.0000,0.0000,0.0000,1.0000,1.0000E+00,1.0000E+00,
325,830.67,12038.43,703.02,1415.0000,65535.0000,4826.0000,3411.0000,0.0000,0.0000,0.0000,1.0000,1.0000E+00,1.0000E+00,
326,830.82,12036.26,705.19,1414.0000,65535.0000,4888.0000,3474.0000,0.0000,0.0000,0.0000,1.0000,1.0000E+00,1.0000E+00,
327,830.97,12034.10,707.35,1415.0000,65535.0000,4884.0000,3469.0000,0.0000,0.0000,0.0000,1.0000,1.0000E+00,1.0000E+00,
328,831.12,12031.93,709.52,1455.0000,65535.0000,5056.0000,3601.0000,0.0000,0.0000,0.0000,1.0000,1.0000E+00,1.0000E+00,
329,831.27,12029.77,711.68,1434.0000,65535.0000,5166.0000,3732.0000,0.0000,0.0000,0.0000,1.0000,1.0000E+00,1.0000E+00,
330,831.42,12027.61,713.84,1400.0000,65535.0000,5461.0000,4061.0000,0.0000,0.0000,0.0000,1.0000,1.0000E+00,1.0000E+00,
331,831.57,12025.45,716.00,1389.0000,65535.0000,5724.0000,4335.0000,0.0000,0.0000,0.0000,1.0000,1.0000E+00,1.0000E+00,
332,831.72,12023.29,718.16,1428.0000,65535.0000,5993.0000,4565.0000,0.0000,0.0000,0.0000,1.0000,1.0000E+00,1.0000E+00,
333,831.87,12021.13,720.32,1425.0000,65535.0000,6183.0000,4758.0000,0.0000,0.0000,0.0000,1.0000,1.0000E+00,1.0000E+00,
334,832.02,12018.97,722.48,1429.0000,65535.0000,6376.0000,4947.0000,0.0000,0.0000,0.0000,1.0000,1.0000E+00,1.0000E+00,
335,832.17,12016.82,724.63,1439.0000,65535.0000,6538.0000,5099.0000,0.0000,0.0000,0.0000,1.0000,1.0000E+00,1.0000E+00,
336,832.32,12014.66,726.79,1408.0000,65535.0000,6723.0000,5315.0000,0.0000,0.0000,0.0000,1.0000,1.0000E+00,1.0000E+00,
337,832.47,12012.50,728.95,1426.0000,65535.0000,6763.0000,5337.0000,0.0000,0.0000,0.0000,1.0000,1.0000E+00,1.0000E+00,
338,832.62,12010.35,731.10,1444.0000,65535.0000,6655.0000,5211.0000,0.0000,0.0000,0.0000,1.0000,1.0000E+00,1.0000E+00,
339,832.76,12008.20,733.25,1432.0000,65535.0000,6452.0000,5020.0000,0.0000,0.0000,0.0000,1.0000,1.0000E+00,1.0000E+00,
340,832.91,12006.04,735.41,1433.0000,65535.0000,5999.0000,4566.0000,0.0000,0.0000,0.0000,1.0000,1.0000E+00,1.0000E+00,
341,833.06,12003.89,737.56,1439.0000,65535.0000,5723.0000,4284.0000,0.0000,0.0000,0.0000,1.0000,1.0000E+00,1.0000E+00,
342,833.21,12001.74,739.71,1399.0000,65535.0000,5494.0000,4095.0000,0.0000,0.0000,0.0000,1.0000,1.0000E+00,1.0000E+00,
343,833.36,11999.59,741.86,1435.0000,65535.0000,5335.0000,3900.0000,0.0000,0.0000,0.0000,1.0000,1.0000E+00,1.0000E+00,
344,833.51,11997.44,744.01,1422.0000,65535.0000,5240.0000,3818.0000,0.0000,0.0000,0.0000,1.0000,1.0000E+00,1.0000E+00,
345,833.66,11995.30,746.16,1474.0000,65535.0000,5117.0000,3643.0000,0.0000,0.0000,0.0000,1.0000,1.0000E+00,1.0000E+00,
346,833.81,11993.15,748.30,1421.0000,65535.0000,4997.0000,3576.0000,0.0000,0.0000,0.0000,1.0000,1.0000E+00,1.0000E+00,
347,833.96,11991.00,750.45,1418.0000,65535.0000,4979.0000,3561.0000,0.0000,0.0000,0.0000,1.0000,1.0000E+00,1.0000E+00,
348,834.11,11988.86,752.59,1429.0000,65535.0000,5015.0000,3586.0000,0.0000,0.0000,0.0000,1.0000,1.0000E+00,1.0000E+00,
349,834.26,11986.71,754.74,1410.0000,65535.0000,4914.0000,3504.0000,0.0000,0.0000,0.0000,1.0000,1.0000E+00,1.0000E+00,
350,834.41,11984.57,756.88,1434.0000,65535.0000,4907.0000,3473.0000,0.0000,0.0000,0.0000,1.0000,1.0000E+00,1.0000E+00,
351,834.56,11982.43,759.02,1447.0000,65535.0000,4881.0000,3434.0000,0.0000,0.0000,0.0000,1.0000,1.0000E+00,1.0000E+00,
352,834.70,11980.29,761.16,1478.0000,65535.0000,4860.0000,3382.0000,0.0000,0.0000,0.0000,1.0000,1.0000E+00,1.0000E+00,
353,834.85,11978.15,763.31,1430.0000,65535.0000,4836.0000,3406.0000,0.0000,0.0000,0.0000,1.0000,1.0000E+00,1.0000E+00,
354,835.00,11976.01,765.44,1436.0000,65535.0000,4773.0000,3337.0000,0.0000,0.0000,0.0000,1.0000,1.0000E+00,1.0000E+00,
355,835.15,11973.87,767.58,1414.0000,65535.0000,4729.0000,3315.0000,0.0000,0.0000,0.0000,1.0000,1.0000E+00,1.0000E+00,
356,835.30,11971.73,769.72,1450.0000,65535.0000,4803.0000,3353.0000,0.0000,0.0000,0.0000,1.0000,1.0000E+00,1.0000E+00,
357,835.45,11969.59,771.86,1423.0000,65535.0000,4766.0000,3343.0000,0.0000,0.0000,0.0000,1.0000,1.0000E+00,1.0000E+00,
358,835.60,11967.46,773.99,1415.0000,65535.0000,4724.0000,3309.0000,0.0000,0.0000,0.0000,1.0000,1.0000E+00,1.0000E+00,
359,835.75,11965.32,776.13,1427.0000,65535.0000,4810.0000,3383.0000,0.0000,0.0000,0.0000,1.0000,1.0000E+00,1.0000E+00,
360,835.90,11963.19,778.26,1453.0000,65535.0000,4730.0000,3277.0000,0.0000,0.0000,0.0000,1.0000,1.0000E+00,1.0000E+00,
361,836.05,11961.05,780.40,1433.0000,65535.0000,4762.0000,3329.0000,0.0000,0.0000,0.0000,1.0000,1.0000E+00,1.0000E+00,
362,836.20,11958.92,782.53,1427.0000,65535.0000,4793.0000,3366.0000,0.0000,0.0000,0.0000,1.0000,1.0000E+00,1.0000E+00,
363,836.34,11956.79,784.66,1422.0000,65535.0000,4798.0000,3376.0000,0.0000,0.0000,0.0000,1.0000,1.0000E+00,1.0000E+00,
364,836.49,11954.66,786.79,1421.0000,65535.0000,4822.0000,3401.0000,0.0000,0.0000,0.0000,1.0000,1.0000E+00,1.0000E+00,
365,836.64,11952.53,788.92,1423.0000,65535.0000,4878.0000,3455.0000,0.0000,0.0000,0.0000,1.0000,1.0000E+00,1.0000E+00,
366,836.79,11950.40,791.05,1431.0000,65535.0000,4892.0000,3461.0000,0.0000,0.0000,0.0000,1.0000,1.0000E+00,1.0000E+00,
367,836.94,11948.27,793.18,1446.0000,65535.0000,4928.0000,3482.0000,0.0000,0.0000,0.0000,1.0000,1.0000E+00,1.0000E+00,
368,837.09,11946.15,795.30,1423.0000,65535.0000,4868.0000,3445.0000,0.0000,0.0000,0.0000,1.0000,1.0000E+00,1.0000E+00,
369,837.24,11944.02,797.43,1405.0000,65535.0000,4877.0000,3472.0000,0.0000,0.0000,0.0000,1.0000,1.0000E+00,1.0000E+00,
370,837.39,11941.89,799.56,1402.0000,65535.0000,5014.0000,3612.0000,0.0000,0.0000,0.0000,1.0000,1.0000E+00,1.0000E+00,
371,837.54,11939.77,801.68,1426.0000,65535.0000,4856.0000,3430.0000,0.0000,0.0000,0.0000,1.0000,1.0000E+00,1.0000E+00,
372,837.69,11937.65,803.80,1452.0000,65535.0000,4918.0000,3466.0000,0.0000,0.0000,0.0000,1.0000,1.0000E+00,1.0000E+00,
373,837.84,11935.52,805.93,1394.0000,65535.0000,4857.0000,3463.0000,0.0000,0.0000,0.0000,1.0000,1.0000E+00,1.0000E+00,
374,837.98,11933.40,808.05,1439.0000,65535.0000,4890.0000,3451.0000,0.0000,0.0000,0.0000,1.0000,1.0000E+00,1.0000E+00,
375,838.13,11931.28,810.17,1397.0000,65535.0000,4832.0000,3435.0000,0.0000,0.0000,0.0000,1.0000,1.0000E+00,1.0000E+00,
376,838.28,11929.16,812.29,1415.0000,65535.0000,4834.0000,3419.0000,0.0000,0.0000,0.0000,1.0000,1.0000E+00,1.0000E+00,
377,838.43,11927.04,814.41,1434.0000,65535.0000,4900.0000,3466.0000,0.0000,0.0000,0.0000,1.0000,1.0000E+00,1.0000E+00,
378,838.58,11924.93,816.53,1451.0000,65535.0000,4846.0000,3395.0000,0.0000,0.0000,0.0000,1.0000,1.0000E+00,1.0000E+00,
379,838.73,11922.81,818.64,1419.0000,65535.0000,4885.0000,3466.0000,0.0000,0.0000,0.0000,1.0000,1.0000E+00,1.0000E+00,
380,838.88,11920.69,820.76,1463.0000,65535.0000,4885.0000,3422.0000,0.0000,0.0000,0.0000,1.0000,1.0000E+00,1.0000E+00,
381,839.03,11918.58,822.87,1420.0000,65535.0000,4945.0000,3525.0000,0.0000,0.0000,0.0000,1.0000,1.0000E+00,1.0000E+00,
382,839.18,11916.46,824.99,1404.0000,65535.0000,4968.0000,3564.0000,0.0000,0.0000,0.0000,1.0000,1.0000E+00,1.0000E+00,
383,839.32,11914.35,827.10,1404.0000,65535.0000,4922.0000,3518.0000,0.0000,0.0000,0.0000,1.0000,1.0000E+00,1.0000E+00,
384,839.47,11912.24,829.21,1421.0000,65535.0000,4945.0000,3524.0000,0.0000,0.0000,0.0000,1.0000,1.0000E+00,1.0000E+00,
385,839.62,11910.12,831.33,1432.0000,65535.0000,4973.0000,3541.0000,0.0000,0.0000,0.0000,1.0000,1.0000E+00,1.0000E+00,
386,839.77,11908.01,833.44,1429.0000,65535.0000,5026.0000,3597.0000,0.0000,0.0000,0.0000,1.0000,1.0000E+00,1.0000E+00,
387,839.92,11905.90,835.55,1455.0000,65535.0000,5077.0000,3622.0000,0.0000,0.0000,0.0000,1.0000,1.0000E+00,1.0000E+00,
388,840.07,11903.80,837.66,1402.0000,65535.0000,4951.0000,3549.0000,0.0000,0.0000,0.0000,1.0000,1.0000E+00,1.0000E+00,
389,840.22,11901.69,839.76,1399.0000,65535.0000,4974.0000,3575.0000,0.0000,0.0000,0.0000,1.0000,1.0000E+00,1.0000E+00,
390,840.37,11899.58,841.87,1399.0000,65535.0000,4969.0000,3570.0000,0.0000,0.0000,0.0000,1.0000,1.0000E+00,1.0000E+00,
391,840.51,11897.47,843.98,1428.0000,65535.0000,4963.0000,3535.0000,0.0000,0.0000,0.0000,1.0000,1.0000E+00,1.0000E+00,
392,840.66,11895.37,846.08,1425.0000,65535.0000,4925.0000,3500.0000,0.0000,0.0000,0.0000,1.0000,1.0000E+00,1.0000E+00,
393,840.81,11893.26,848.19,1433.0000,65535.0000,5038.0000,3605.0000,0.0000,0.0000,0.0000,1.0000,1.0000E+00,1.0000E+00,
394,840.96,11891.16,850.29,1421.0000,65535.0000,4952.0000,3531.0000,0.0000,0.0000,0.0000,1.0000,1.0000E+00,1.0000E+00,
395,841.11,11889.06,852.39,1417.0000,65535.0000,4952.0000,3535.0000,0.0000,0.0000,0.0000,1.0000,1.0000E+00,1.0000E+00,
396,841.26,11886.96,854.50,1411.0000,65535.0000,4981.0000,3570.0000,0.0000,0.0000,0.0000,1.0000,1.0000E+00,1.0000E+00,
397,841.41,11884.85,856.60,1431.0000,65535.0000,4962.0000,3531.0000,0.0000,0.0000,0.0000,1.0000,1.0000E+00,1.0000E+00,
398,841.56,11882.75,858.70,1448.0000,65535.0000,4995.0000,3547.0000,0.0000,0.0000,0.0000,1.0000,1.0000E+00,1.0000E+00,
399,841.70,11880.65,860.80,1447.0000,65535.0000,4970.0000,3523.0000,0.0000,0.0000,0.0000,1.0000,1.0000E+00,1.0000E+00,
400,841.85,11878.56,862.89,1412.0000,65535.0000,4895.0000,3483.0000,0.0000,0.0000,0.0000,1.0000,1.0000E+00,1.0000E+00,
401,842.00,11876.46,864.99,1446.0000,65535.0000,4960.0000,3514.0000,0.0000,0.0000,0.0000,1.0000,1.0000E+00,1.0000E+00,
402,842.15,11874.36,867.09,1443.0000,65535.0000,4979.0000,3536.0000,0.0000,0.0000,0.0000,1.0000,1.0000E+00,1.0000E+00,
403,842.30,11872.27,869.18,1470.0000,65535.0000,4947.0000,3477.0000,0.0000,0.0000,0.0000,1.0000,1.0000E+00,1.0000E+00,
404,842.45,11870.17,871.28,1437.0000,65535.0000,4969.0000,3532.0000,0.0000,0.0000,0.0000,1.0000,1.0000E+00,1.0000E+00,
405,842.60,11868.08,873.37,1443.0000,65535.0000,5011.0000,3568.0000,0.0000,0.0000,0.0000,1.0000,1.0000E+00,1.0000E+00,
406,842.75,11865.99,875.47,1414.0000,65535.0000,4979.0000,3565.0000,0.0000,0.0000,0.0000,1.0000,1.0000E+00,1.0000E+00,
407,842.89,11863.89,877.56,1411.0000,65535.0000,4867.0000,3456.0000,0.0000,0.0000,0.0000,1.0000,1.0000E+00,1.0000E+00,
408,843.04,11861.80,879.65,1415.0000,65535.0000,4906.0000,3491.0000,0.0000,0.0000,0.0000,1.0000,1.0000E+00,1.0000E+00,
409,843.19,11859.71,881.74,1399.0000,65535.0000,4965.0000,3566.0000,0.0000,0.0000,0.0000,1.0000,1.0000E+00,1.0000E+00,
410,843.34,11857.62,883.83,1404.0000,65535.0000,4871.0000,3467.0000,0.0000,0.0000,0.0000,1.0000,1.0000E+00,1.0000E+00,
411,843.49,11855.53,885.92,1410.0000,65535.0000,4883.0000,3473.0000,0.0000,0.0000,0.0000,1.0000,1.0000E+00,1.0000E+00,
412,843.64,11853.45,888.00,1455.0000,65535.0000,4949.0000,3494.0000,0.0000,0.0000,0.0000,1.0000,1.0000E+00,1.0000E+00,
413,843.79,11851.36,890.09,1495.0000,65535.0000,4958.0000,3463.0000,0.0000,0.0000,0.0000,1.0000,1.0000E+00,1.0000E+00,
414,843.93,11849.27,892.18,1488.0000,65535.0000,4962.0000,3474.0000,0.0000,0.0000,0.0000,1.0000,1.0000E+00,1.0000E+00,
415,844.08,11847.19,894.26,1434.0000,65535.0000,4937.0000,3503.0000,0.0000,0.0000,0.0000,1.0000,1.0000E+00,1.0000E+00,
416,844.23,11845.10,896.35,1440.0000,65535.0000,4966.0000,3526.0000,0.0000,0.0000,0.0000,1.0000,1.0000E+00,1.0000E+00,
417,844.38,11843.02,898.43,1447.0000,65535.0000,4998.0000,3551.0000,0.0000,0.0000,0.0000,1.0000,1.0000E+00,1.0000E+00,
418,844.53,11840.94,900.51,1453.0000,65535.0000,4987.0000,3534.0000,0.0000,0.0000,0.0000,1.0000,1.0000E+00,1.0000E+00,
419,844.68,11838.86,902.59,1440.0000,65535.0000,4931.0000,3491.0000,0.0000,0.0000,0.0000,1.0000,1.0000E+00,1.0000E+00,
420,844.82,11836.78,904.67,1398.0000,65535.0000,4982.0000,3584.0000,0.0000,0.0000,0.0000,1.0000,1.0000E+00,1.0000E+00,
421,844.97,11834.70,906.75,1443.0000,65535.0000,5052.0000,3609.0000,0.0000,0.0000,0.0000,1.0000,1.0000E+00,1.0000E+00,
422,845.12,11832.62,908.83,1406.0000,65535.0000,5059.0000,3653.0000,0.0000,0.0000,0.0000,1.0000,1.0000E+00,1.0000E+00,
423,845.27,11830.54,910.91,1420.0000,65535.0000,4943.0000,3523.0000,0.0000,0.0000,0.0000,1.0000,1.0000E+00,1.0000E+00,
424,845.42,11828.46,912.99,1424.0000,65535.0000,5019.0000,3595.0000,0.0000,0.0000,0.0000,1.0000,1.0000E+00,1.0000E+00,
425,845.57,11826.39,915.06,1438.0000,65535.0000,5105.0000,3667.0000,0.0000,0.0000,0.0000,1.0000,1.0000E+00,1.0000E+00,
426,845.72,11824.31,917.14,1413.0000,65535.0000,4955.0000,3542.0000,0.0000,0.0000,0.0000,1.0000,1.0000E+00,1.0000E+00,
427,845.86,11822.24,919.21,1419.0000,65535.0000,5020.0000,3601.0000,0.0000,0.0000,0.0000,1.0000,1.0000E+00,1.0000E+00,
428,846.01,11820.16,921.29,1423.0000,65535.0000,5051.0000,3628.0000,0.0000,0.0000,0.0000,1.0000,1.0000E+00,1.0000E+00,
429,846.16,11818.09,923.36,1416.0000,65535.0000,5019.0000,3603.0000,0.0000,0.0000,0.0000,1.0000,1.0000E+00,1.0000E+00,
430,846.31,11816.02,925.43,1416.0000,65535.0000,4981.0000,3565.0000,0.0000,0.0000,0.0000,1.0000,1.0000E+00,1.0000E+00,
431,846.46,11813.95,927.50,1405.0000,65535.0000,4977.0000,3572.0000,0.0000,0.0000,0.0000,1.0000,1.0000E+00,1.0000E+00,
432,846.61,11811.88,929.57,1429.0000,65535.0000,5064.0000,3635.0000,0.0000,0.0000,0.0000,1.0000,1.0000E+00,1.0000E+00,
433,846.75,11809.81,931.64,1397.0000,65535.0000,5005.0000,3608.0000,0.0000,0.0000,0.0000,1.0000,1.0000E+00,1.0000E+00,
434,846.90,11807.74,933.71,1425.0000,65535.0000,5059.0000,3634.0000,0.0000,0.0000,0.0000,1.0000,1.0000E+00,1.0000E+00,
435,847.05,11805.67,935.78,1444.0000,65535.0000,5045.0000,3601.0000,0.0000,0.0000,0.0000,1.0000,1.0000E+00,1.0000E+00,
436,847.20,11803.60,937.85,1418.0000,65535.0000,5073.0000,3655.0000,0.0000,0.0000,0.0000,1.0000,1.0000E+00,1.0000E+00,
437,847.35,11801.54,939.91,1434.0000,65535.0000,5102.0000,3668.0000,0.0000,0.0000,0.0000,1.0000,1.0000E+00,1.0000E+00,
438,847.50,11799.47,941.98,1418.0000,65535.0000,5100.0000,3682.0000,0.0000,0.0000,0.0000,1.0000,1.0000E+00,1.0000E+00,
439,847.64,11797.41,944.04,1386.0000,65535.0000,5082.0000,3696.0000,0.0000,0.0000,0.0000,1.0000,1.0000E+00,1.0000E+00,
440,847.79,11795.35,946.10,1458.0000,65535.0000,5150.0000,3692.0000,0.0000,0.0000,0.0000,1.0000,1.0000E+00,1.0000E+00,
441,847.94,11793.28,948.17,1407.0000,65535.0000,5222.0000,3815.0000,0.0000,0.0000,0.0000,1.0000,1.0000E+00,1.0000E+00,
442,848.09,11791.22,950.23,1412.0000,65535.0000,5229.0000,3817.0000,0.0000,0.0000,0.0000,1.0000,1.0000E+00,1.0000E+00,
443,848.24,11789.16,952.29,1440.0000,65535.0000,5323.0000,3883.0000,0.0000,0.0000,0.0000,1.0000,1.0000E+00,1.0000E+00,
444,848.38,11787.10,954.35,1429.0000,65535.0000,5349.0000,3920.0000,0.0000,0.0000,0.0000,1.0000,1.0000E+00,1.0000E+00,
445,848.53,11785.04,956.41,1385.0000,65535.0000,5367.0000,3982.0000,0.0000,0.0000,0.0000,1.0000,1.0000E+00,1.0000E+00,
446,848.68,11782.99,958.46,1402.0000,65535.0000,5347.0000,3945.0000,0.0000,0.0000,0.0000,1.0000,1.0000E+00,1.0000E+00,
447,848.83,11780.93,960.52,1419.0000,65535.0000,5347.0000,3928.0000,0.0000,0.0000,0.0000,1.0000,1.0000E+00,1.0000E+00,
448,848.98,11778.87,962.58,1396.0000,65535.0000,5319.0000,3923.0000,0.0000,0.0000,0.0000,1.0000,1.0000E+00,1.0000E+00,
449,849.13,11776.82,964.63,1378.0000,65535.0000,5361.0000,3983.0000,0.0000,0.0000,0.0000,1.0000,1.0000E+00,1.0000E+00,
450,849.27,11774.76,966.69,1424.0000,65535.0000,5324.0000,3900.0000,0.0000,0.0000,0.0000,1.0000,1.0000E+00,1.0000E+00,
451,849.42,11772.71,968.74,1393.0000,65535.0000,5305.0000,3912.0000,0.0000,0.0000,0.0000,1.0000,1.0000E+00,1.0000E+00,
452,849.57,11770.66,970.79,1428.0000,65535.0000,5233.0000,3805.0000,0.0000,0.0000,0.0000,1.0000,1.0000E+00,1.0000E+00,
453,849.72,11768.60,972.85,1409.0000,65535.0000,5209.0000,3800.0000,0.0000,0.0000,0.0000,1.0000,1.0000E+00,1.0000E+00,
454,849.87,11766.55,974.90,1440.0000,65535.0000,5173.0000,3733.0000,0.0000,0.0000,0.0000,1.0000,1.0000E+00,1.0000E+00,
455,850.01,11764.50,976.95,1431.0000,65535.0000,5231.0000,3800.0000,0.0000,0.0000,0.0000,1.0000,1.0000E+00,1.0000E+00,
456,850.16,11762.45,979.00,1428.0000,65535.0000,5226.0000,3798.0000,0.0000,0.0000,0.0000,1.0000,1.0000E+00,1.0000E+00,
457,850.31,11760.41,981.04,1445.0000,65535.0000,5231.0000,3786.0000,0.0000,0.0000,0.0000,1.0000,1.0000E+00,1.0000E+00,
458,850.46,11758.36,983.09,1476.0000,65535.0000,5272.0000,3796.0000,0.0000,0.0000,0.0000,1.0000,1.0000E+00,1.0000E+00,
459,850.61,11756.31,985.14,1414.0000,65535.0000,5400.0000,3986.0000,0.0000,0.0000,0.0000,1.0000,1.0000E+00,1.0000E+00,
460,850.76,11754.27,987.19,1393.0000,65535.0000,5407.0000,4014.0000,0.0000,0.0000,0.0000,1.0000,1.0000E+00,1.0000E+00,
461,850.90,11752.22,989.23,1437.0000,65535.0000,5463.0000,4026.0000,0.0000,0.0000,0.0000,1.0000,1.0000E+00,1.0000E+00,
462,851.05,11750.18,991.27,1430.0000,65535.0000,5518.0000,4088.0000,0.0000,0.0000,0.0000,1.0000,1.0000E+00,1.0000E+00,
463,851.20,11748.13,993.32,1400.0000,65535.0000,5481.0000,4081.0000,0.0000,0.0000,0.0000,1.0000,1.0000E+00,1.0000E+00,
464,851.35,11746.09,995.36,1424.0000,65535.0000,5424.0000,4000.0000,0.0000,0.0000,0.0000,1.0000,1.0000E+00,1.0000E+00,
465,851.50,11744.05,997.40,1379.0000,65535.0000,5366.0000,3987.0000,0.0000,0.0000,0.0000,1.0000,1.0000E+00,1.0000E+00,
466,851.64,11742.01,999.44,1440.0000,65535.0000,5251.0000,3811.0000,0.0000,0.0000,0.0000,1.0000,1.0000E+00,1.0000E+00,
467,851.79,11739.97,1001.48,1436.0000,65535.0000,5267.0000,3831.0000,0.0000,0.0000,0.0000,1.0000,1.0000E+00,1.0000E+00,
468,851.94,11737.93,1003.52,1405.0000,65535.0000,5233.0000,3828.0000,0.0000,0.0000,0.0000,1.0000,1.0000E+00,1.0000E+00,
469,852.09,11735.89,1005.56,1445.0000,65535.0000,5283.0000,3838.0000,0.0000,0.0000,0.0000,1.0000,1.0000E+00,1.0000E+00,
470,852.23,11733.85,1007.60,1448.0000,65535.0000,5274.0000,3826.0000,0.0000,0.0000,0.0000,1.0000,1.0000E+00,1.0000E+00,
471,852.38,11731.82,1009.63,1448.0000,65535.0000,5269.0000,3821.0000,0.0000,0.0000,0.0000,1.0000,1.0000E+00,1.0000E+00,
472,852.53,11729.78,1011.67,1415.0000,65535.0000,5210.0000,3795.0000,0.0000,0.0000,0.0000,1.0000,1.0000E+00,1.0000E+00,
473,852.68,11727.75,1013.70,1453.0000,65535.0000,5273.0000,3820.0000,0.0000,0.0000,0.0000,1.0000,1.0000E+00,1.0000E+00,
474,852.83,11725.71,1015.74,1443.0000,65535.0000,5304.0000,3861.0000,0.0000,0.0000,0.0000,1.0000,1.0000E+00,1.0000E+00,
475,852.97,11723.68,1017.77,1425.0000,65535.0000,5240.0000,3815.0000,0.0000,0.0000,0.0000,1.0000,1.0000E+00,1.0000E+00,
476,853.12,11721.65,1019.80,1400.0000,65535.0000,5233.0000,3833.0000,0.0000,0.0000,0.0000,1.0000,1.0000E+00,1.0000E+00,
477,853.27,11719.62,1021.83,1454.0000,65535.0000,5236.0000,3782.0000,0.0000,0.0000,0.0000,1.0000,1.0000E+00,1.0000E+00,
478,853.42,11717.59,1023.86,1407.0000,65535.0000,5294.0000,3887.0000,0.0000,0.0000,0.0000,1.0000,1.0000E+00,1.0000E+00,
479,853.57,11715.56,1025.89,1406.0000,65535.0000,5218.0000,3812.0000,0.0000,0.0000,0.0000,1.0000,1.0000E+00,1.0000E+00,
480,853.71,11713.53,1027.92,1417.0000,65535.0000,5225.0000,3808.0000,0.0000,0.0000,0.0000,1.0000,1.0000E+00,1.0000E+00,
481,853.86,11711.50,1029.95,1400.0000,65535.0000,5239.0000,3839.0000,0.0000,0.0000,0.0000,1.0000,1.0000E+00,1.0000E+00,
482,854.01,11709.47,1031.98,1442.0000,65535.0000,5252.0000,3810.0000,0.0000,0.0000,0.0000,1.0000,1.0000E+00,1.0000E+00,
483,854.16,11707.45,1034.00,1466.0000,65535.0000,5189.0000,3723.0000,0.0000,0.0000,0.0000,1.0000,1.0000E+00,1.0000E+00,
484,854.31,11705.42,1036.03,1373.0000,65535.0000,5222.0000,3849.0000,0.0000,0.0000,0.0000,1.0000,1.0000E+00,1.0000E+00,
485,854.45,11703.40,1038.05,1433.0000,65535.0000,5147.0000,3714.0000,0.0000,0.0000,0.0000,1.0000,1.0000E+00,1.0000E+00,
486,854.60,11701.37,1040.08,1400.0000,65535.0000,5070.0000,3670.0000,0.0000,0.0000,0.0000,1.0000,1.0000E+00,1.0000E+00,
487,854.75,11699.35,1042.10,1415.0000,65535.0000,5122.0000,3707.0000,0.0000,0.0000,0.0000,1.0000,1.0000E+00,1.0000E+00,
488,854.90,11697.33,1044.12,1396.0000,65535.0000,5100.0000,3704.0000,0.0000,0.0000,0.0000,1.0000,1.0000E+00,1.0000E+00,
489,855.04,11695.31,1046.14,1435.0000,65535.0000,5040.0000,3605.0000,0.0000,0.0000,0.0000,1.0000,1.0000E+00,1.0000E+00,
490,855.19,11693.29,1048.16,1435.0000,65535.0000,5059.0000,3624.0000,0.0000,0.0000,0.0000,1.0000,1.0000E+00,1.0000E+00,
491,855.34,11691.27,1050.18,1436.0000,65535.0000,5022.0000,3586.0000,0.0000,0.0000,0.0000,1.0000,1.0000E+00,1.0000E+00,
492,855.49,11689.25,1052.20,1441.0000,65535.0000,5070.0000,3629.0000,0.0000,0.0000,0.0000,1.0000,1.0000E+00,1.0000E+00,
493,855.63,11687.23,1054.22,1426.0000,65535.0000,5012.0000,3586.0000,0.0000,0.0000,0.0000,1.0000,1.0000E+00,1.0000E+00,
494,855.78,11685.21,1056.24,1404.0000,65535.0000,5032.0000,3628.0000,0.0000,0.0000,0.0000,1.0000,1.0000E+00,1.0000E+00,
495,855.93,11683.20,1058.25,1432.0000,65535.0000,5065.0000,3633.0000,0.0000,0.0000,0.0000,1.0000,1.0000E+00,1.0000E+00,
496,856.08,11681.18,1060.27,1425.0000,65535.0000,5089.0000,3664.0000,0.0000,0.0000,0.0000,1.0000,1.0000E+00,1.0000E+00,
497,856.23,11679.17,1062.28,1412.0000,65535.0000,4976.0000,3564.0000,0.0000,0.0000,0.0000,1.0000,1.0000E+00,1.0000E+00,
498,856.37,11677.15,1064.30,1428.0000,65535.0000,5069.0000,3641.0000,0.0000,0.0000,0.0000,1.0000,1.0000E+00,1.0000E+00,
499,856.52,11675.14,1066.31,1440.0000,65535.0000,5057.0000,3617.0000,0.0000,0.0000,0.0000,1.0000,1.0000E+00,1.0000E+00,
500,856.67,11673.13,1068.32,1381.0000,65535.0000,5080.0000,3699.0000,0.0000,0.0000,0.0000,1.0000,1.0000E+00,1.0000E+00,
501,856.82,11671.12,1070.33,1439.0000,65535.0000,5042.0000,3603.0000,0.0000,0.0000,0.0000,1.0000,1.0000E+00,1.0000E+00,
502,856.96,11669.11,1072.34,1423.0000,65535.0000,5068.0000,3645.0000,0.0000,0.0000,0.0000,1.0000,1.0000E+00,1.0000E+00,
503,857.11,11667.10,1074.35,1430.0000,65535.0000,5078.0000,3648.0000,0.0000,0.0000,0.0000,1.0000,1.0000E+00,1.0000E+00,
504,857.26,11665.09,1076.36,1405.0000,65535.0000,5101.0000,3696.0000,0.0000,0.0000,0.0000,1.0000,1.0000E+00,1.0000E+00,
505,857.41,11663.08,1078.37,1414.0000,65535.0000,5031.0000,3617.0000,0.0000,0.0000,0.0000,1.0000,1.0000E+00,1.0000E+00,
506,857.55,11661.08,1080.37,1391.0000,65535.0000,5111.0000,3720.0000,0.0000,0.0000,0.0000,1.0000,1.0000E+00,1.0000E+00,
507,857.70,11659.07,1082.38,1399.0000,65535.0000,5102.0000,3703.0000,0.0000,0.0000,0.0000,1.0000,1.0000E+00,1.0000E+00,
508,857.85,11657.07,1084.39,1418.0000,65535.0000,5152.0000,3734.0000,0.0000,0.0000,0.0000,1.0000,1.0000E+00,1.0000E+00,
509,858.00,11655.06,1086.39,1433.0000,65535.0000,5155.0000,3722.0000,0.0000,0.0000,0.0000,1.0000,1.0000E+00,1.0000E+00,
510,858.14,11653.06,1088.39,1425.0000,65535.0000,5133.0000,3708.0000,0.0000,0.0000,0.0000,1.0000,1.0000E+00,1.0000E+00,
511,858.29,11651.06,1090.40,1412.0000,65535.0000,5151.0000,3739.0000,0.0000,0.0000,0.0000,1.0000,1.0000E+00,1.0000E+00,
512,858.44,11649.05,1092.40,1424.0000,65535.0000,5133.0000,3709.0000,0.0000,0.0000,0.0000,1.0000,1.0000E+00,1.0000E+00,
513,858.59,11647.05,1094.40,1437.0000,65535.0000,5145.0000,3708.0000,0.0000,0.0000,0.0000,1.0000,1.0000E+00,1.0000E+00,
514,858.73,11645.05,1096.40,1426.0000,65535.0000,5123.0000,3697.0000,0.0000,0.0000,0.0000,1.0000,1.0000E+00,1.0000E+00,
515,858.88,11643.05,1098.40,1424.0000,65535.0000,5051.0000,3627.0000,0.0000,0.0000,0.0000,1.0000,1.0000E+00,1.0000E+00,
516,859.03,11641.05,1100.40,1438.0000,65535.0000,5105.0000,3667.0000,0.0000,0.0000,0.0000,1.0000,1.0000E+00,1.0000E+00,
517,859.18,11639.06,1102.39,1458.0000,65535.0000,5029.0000,3571.0000,0.0000,0.0000,0.0000,1.0000,1.0000E+00,1.0000E+00,
518,859.32,11637.06,1104.39,1425.0000,65535.0000,5086.0000,3661.0000,0.0000,0.0000,0.0000,1.0000,1.0000E+00,1.0000E+00,
519,859.47,11635.06,1106.39,1468.0000,65535.0000,5134.0000,3666.0000,0.0000,0.0000,0.0000,1.0000,1.0000E+00,1.0000E+00,
520,859.62,11633.07,1108.38,1431.0000,65535.0000,5062.0000,3631.0000,0.0000,0.0000,0.0000,1.0000,1.0000E+00,1.0000E+00,
521,859.77,11631.07,1110.38,1431.0000,65535.0000,5099.0000,3668.0000,0.0000,0.0000,0.0000,1.0000,1.0000E+00,1.0000E+00,
522,859.91,11629.08,1112.37,1419.0000,65535.0000,5090.0000,3671.0000,0.0000,0.0000,0.0000,1.0000,1.0000E+00,1.0000E+00,
523,860.06,11627.09,1114.36,1464.0000,65535.0000,5152.0000,3688.0000,0.0000,0.0000,0.0000,1.0000,1.0000E+00,1.0000E+00,
524,860.21,11625.10,1116.35,1436.0000,65535.0000,5165.0000,3729.0000,0.0000,0.0000,0.0000,1.0000,1.0000E+00,1.0000E+00,
525,860.36,11623.11,1118.34,1445.0000,65535.0000,5185.0000,3740.0000,0.0000,0.0000,0.0000,1.0000,1.0000E+00,1.0000E+00,
526,860.50,11621.12,1120.33,1436.0000,65535.0000,5205.0000,3769.0000,0.0000,0.0000,0.0000,1.0000,1.0000E+00,1.0000E+00,
527,860.65,11619.13,1122.32,1435.0000,65535.0000,5171.0000,3736.0000,0.0000,0.0000,0.0000,1.0000,1.0000E+00,1.0000E+00,
528,860.80,11617.14,1124.31,1471.0000,65535.0000,5216.0000,3745.0000,0.0000,0.0000,0.0000,1.0000,1.0000E+00,1.0000E+00,
529,860.94,11615.15,1126.30,1423.0000,65535.0000,5178.0000,3755.0000,0.0000,0.0000,0.0000,1.0000,1.0000E+00,1.0000E+00,
530,861.09,11613.16,1128.29,1445.0000,65535.0000,5162.0000,3717.0000,0.0000,0.0000,0.0000,1.0000,1.0000E+00,1.0000E+00,
531,861.24,11611.18,1130.27,1404.0000,65535.0000,5204.0000,3800.0000,0.0000,0.0000,0.0000,1.0000,1.0000E+00,1.0000E+00,
532,861.39,11609.19,1132.26,1416.0000,65535.0000,5179.0000,3763.0000,0.0000,0.0000,0.0000,1.0000,1.0000E+00,1.0000E+00,
533,861.53,11607.21,1134.24,1402.0000,65535.0000,5172.0000,3770.0000,0.0000,0.0000,0.0000,1.0000,1.0000E+00,1.0000E+00,
534,861.68,11605.22,1136.23,1429.0000,65535.0000,5213.0000,3784.0000,0.0000,0.0000,0.0000,1.0000,1.0000E+00,1.0000E+00,
535,861.83,11603.24,1138.21,1427.0000,65535.0000,5178.0000,3751.0000,0.0000,0.0000,0.0000,1.0000,1.0000E+00,1.0000E+00,
536,861.98,11601.26,1140.19,1447.0000,65535.0000,5216.0000,3769.0000,0.0000,0.0000,0.0000,1.0000,1.0000E+00,1.0000E+00,
537,862.12,11599.28,1142.17,1456.0000,65535.0000,5250.0000,3794.0000,0.0000,0.0000,0.0000,1.0000,1.0000E+00,1.0000E+00,
538,862.27,11597.30,1144.15,1417.0000,65535.0000,5095.0000,3678.0000,0.0000,0.0000,0.0000,1.0000,1.0000E+00,1.0000E+00,
539,862.42,11595.32,1146.13,1392.0000,65535.0000,5178.0000,3786.0000,0.0000,0.0000,0.0000,1.0000,1.0000E+00,1.0000E+00,
540,862.56,11593.34,1148.11,1458.0000,65535.0000,5206.0000,3748.0000,0.0000,0.0000,0.0000,1.0000,1.0000E+00,1.0000E+00,
541,862.71,11591.36,1150.09,1423.0000,65535.0000,5109.0000,3686.0000,0.0000,0.0000,0.0000,1.0000,1.0000E+00,1.0000E+00,
542,862.86,11589.39,1152.06,1449.0000,65535.0000,5191.0000,3742.0000,0.0000,0.0000,0.0000,1.0000,1.0000E+00,1.0000E+00,
543,863.01,11587.41,1154.04,1424.0000,65535.0000,5090.0000,3666.0000,0.0000,0.0000,0.0000,1.0000,1.0000E+00,1.0000E+00,
544,863.15,11585.44,1156.02,1441.0000,65535.0000,5073.0000,3632.0000,0.0000,0.0000,0.0000,1.0000,1.0000E+00,1.0000E+00,
545,863.30,11583.46,1157.99,1392.0000,65535.0000,5064.0000,3672.0000,0.0000,0.0000,0.0000,1.0000,1.0000E+00,1.0000E+00,
546,863.45,11581.49,1159.96,1403.0000,65535.0000,5012.0000,3609.0000,0.0000,0.0000,0.0000,1.0000,1.0000E+00,1.0000E+00,
547,863.59,11579.51,1161.94,1400.0000,65535.0000,5066.0000,3666.0000,0.0000,0.0000,0.0000,1.0000,1.0000E+00,1.0000E+00,
548,863.74,11577.54,1163.91,1465.0000,65535.0000,5040.0000,3575.0000,0.0000,0.0000,0.0000,1.0000,1.0000E+00,1.0000E+00,
549,863.89,11575.57,1165.88,1440.0000,65535.0000,5032.0000,3592.0000,0.0000,0.0000,0.0000,1.0000,1.0000E+00,1.0000E+00,
550,864.04,11573.60,1167.85,1489.0000,65535.0000,5065.0000,3576.0000,0.0000,0.0000,0.0000,1.0000,1.0000E+00,1.0000E+00,
551,864.18,11571.63,1169.82,1463.0000,65535.0000,5102.0000,3639.0000,0.0000,0.0000,0.0000,1.0000,1.0000E+00,1.0000E+00,
552,864.33,11569.66,1171.79,1416.0000,65535.0000,5060.0000,3644.0000,0.0000,0.0000,0.0000,1.0000,1.0000E+00,1.0000E+00,
553,864.48,11567.70,1173.76,1437.0000,65535.0000,4995.0000,3558.0000,0.0000,0.0000,0.0000,1.0000,1.0000E+00,1.0000E+00,
554,864.62,11565.73,1175.72,1408.0000,65535.0000,5028.0000,3620.0000,0.0000,0.0000,0.0000,1.0000,1.0000E+00,1.0000E+00,
555,864.77,11563.76,1177.69,1417.0000,65535.0000,5079.0000,3662.0000,0.0000,0.0000,0.0000,1.0000,1.0000E+00,1.0000E+00,
556,864.92,11561.80,1179.65,1429.0000,65535.0000,5094.0000,3665.0000,0.0000,0.0000,0.0000,1.0000,1.0000E+00,1.0000E+00,
557,865.06,11559.83,1181.62,1419.0000,65535.0000,5076.0000,3657.0000,0.0000,0.0000,0.0000,1.0000,1.0000E+00,1.0000E+00,
558,865.21,11557.87,1183.58,1398.0000,65535.0000,5068.0000,3670.0000,0.0000,0.0000,0.0000,1.0000,1.0000E+00,1.0000E+00,
559,865.36,11555.91,1185.55,1418.0000,65535.0000,5057.0000,3639.0000,0.0000,0.0000,0.0000,1.0000,1.0000E+00,1.0000E+00,
560,865.51,11553.94,1187.51,1409.0000,65535.0000,5077.0000,3668.0000,0.0000,0.0000,0.0000,1.0000,1.0000E+00,1.0000E+00,
561,865.65,11551.98,1189.47,1404.0000,65535.0000,5090.0000,3686.0000,0.0000,0.0000,0.0000,1.0000,1.0000E+00,1.0000E+00,
562,865.80,11550.02,1191.43,1421.0000,65535.0000,5057.0000,3636.0000,0.0000,0.0000,0.0000,1.0000,1.0000E+00,1.0000E+00,
563,865.95,11548.06,1193.39,1428.0000,65535.0000,4988.0000,3560.0000,0.0000,0.0000,0.0000,1.0000,1.0000E+00,1.0000E+00,
564,866.09,11546.10,1195.35,1424.0000,65535.0000,5093.0000,3669.0000,0.0000,0.0000,0.0000,1.0000,1.0000E+00,1.0000E+00,
565,866.24,11544.14,1197.31,1430.0000,65535.0000,5112.0000,3682.0000,0.0000,0.0000,0.0000,1.0000,1.0000E+00,1.0000E+00,
566,866.39,11542.19,1199.26,1393.0000,65535.0000,5054.0000,3661.0000,0.0000,0.0000,0.0000,1.0000,1.0000E+00,1.0000E+00,
567,866.53,11540.23,1201.22,1397.0000,65535.0000,5079.0000,3682.0000,0.0000,0.0000,0.0000,1.0000,1.0000E+00,1.0000E+00,
568,866.68,11538.28,1203.18,1433.0000,65535.0000,5080.0000,3647.0000,0.0000,0.0000,0.0000,1.0000,1.0000E+00,1.0000E+00,
569,866.83,11536.32,1205.13,1453.0000,65535.0000,5156.0000,3703.0000,0.0000,0.0000,0.0000,1.0000,1.0000E+00,1.0000E+00,
570,866.97,11534.37,1207.08,1413.0000,65535.0000,5109.0000,3696.0000,0.0000,0.0000,0.0000,1.0000,1.0000E+00,1.0000E+00,
571,867.12,11532.41,1209.04,1426.0000,65535.0000,5165.0000,3739.0000,0.0000,0.0000,0.0000,1.0000,1.0000E+00,1.0000E+00,
572,867.27,11530.46,1210.99,1455.0000,65535.0000,5114.0000,3659.0000,0.0000,0.0000,0.0000,1.0000,1.0000E+00,1.0000E+00,
573,867.41,11528.51,1212.94,1435.0000,65535.0000,5164.0000,3729.0000,0.0000,0.0000,0.0000,1.0000,1.0000E+00,1.0000E+00,
574,867.56,11526.56,1214.89,1436.0000,65535.0000,5249.0000,3813.0000,0.0000,0.0000,0.0000,1.0000,1.0000E+00,1.0000E+00,
575,867.71,11524.61,1216.84,1403.0000,65535.0000,5264.0000,3861.0000,0.0000,0.0000,0.0000,1.0000,1.0000E+00,1.0000E+00,
576,867.86,11522.66,1218.79,1372.0000,65535.0000,5222.0000,3850.0000,0.0000,0.0000,0.0000,1.0000,1.0000E+00,1.0000E+00,
577,868.00,11520.71,1220.74,1450.0000,65535.0000,5329.0000,3879.0000,0.0000,0.0000,0.0000,1.0000,1.0000E+00,1.0000E+00,
578,868.15,11518.76,1222.69,1431.0000,65535.0000,5425.0000,3994.0000,0.0000,0.0000,0.0000,1.0000,1.0000E+00,1.0000E+00,
579,868.30,11516.82,1224.63,1416.0000,65535.0000,5291.0000,3875.0000,0.0000,0.0000,0.0000,1.0000,1.0000E+00,1.0000E+00,
580,868.44,11514.87,1226.58,1402.0000,65535.0000,5395.0000,3993.0000,0.0000,0.0000,0.0000,1.0000,1.0000E+00,1.0000E+00,
581,868.59,11512.93,1228.52,1409.0000,65535.0000,5281.0000,3872.0000,0.0000,0.0000,0.0000,1.0000,1.0000E+00,1.0000E+00,
582,868.74,11510.98,1230.47,1408.0000,65535.0000,5373.0000,3965.0000,0.0000,0.0000,0.0000,1.0000,1.0000E+00,1.0000E+00,
583,868.88,11509.04,1232.41,1418.0000,65535.0000,5339.0000,3921.0000,0.0000,0.0000,0.0000,1.0000,1.0000E+00,1.0000E+00,
584,869.03,11507.10,1234.36,1442.0000,65535.0000,5405.0000,3963.0000,0.0000,0.0000,0.0000,1.0000,1.0000E+00,1.0000E+00,
585,869.18,11505.15,1236.30,1451.0000,65535.0000,5398.0000,3947.0000,0.0000,0.0000,0.0000,1.0000,1.0000E+00,1.0000E+00,
586,869.32,11503.21,1238.24,1412.0000,65535.0000,5411.0000,3999.0000,0.0000,0.0000,0.0000,1.0000,1.0000E+00,1.0000E+00,
587,869.47,11501.27,1240.18,1452.0000,65535.0000,5392.0000,3940.0000,0.0000,0.0000,0.0000,1.0000,1.0000E+00,1.0000E+00,
588,869.62,11499.33,1242.12,1429.0000,65535.0000,5336.0000,3907.0000,0.0000,0.0000,0.0000,1.0000,1.0000E+00,1.0000E+00,
589,869.76,11497.39,1244.06,1463.0000,65535.0000,5395.0000,3932.0000,0.0000,0.0000,0.0000,1.0000,1.0000E+00,1.0000E+00,
590,869.91,11495.46,1245.99,1450.0000,65535.0000,5373.0000,3923.0000,0.0000,0.0000,0.0000,1.0000,1.0000E+00,1.0000E+00,
591,870.06,11493.52,1247.93,1435.0000,65535.0000,5280.0000,3845.0000,0.0000,0.0000,0.0000,1.0000,1.0000E+00,1.0000E+00,
592,870.20,11491.58,1249.87,1415.0000,65535.0000,5252.0000,3837.0000,0.0000,0.0000,0.0000,1.0000,1.0000E+00,1.0000E+00,
593,870.35,11489.65,1251.80,1422.0000,65535.0000,5212.0000,3790.0000,0.0000,0.0000,0.0000,1.0000,1.0000E+00,1.0000E+00,
594,870.50,11487.71,1253.74,1390.0000,65535.0000,5138.0000,3748.0000,0.0000,0.0000,0.0000,1.0000,1.0000E+00,1.0000E+00,
595,870.64,11485.78,1255.67,1421.0000,65535.0000,5168.0000,3747.0000,0.0000,0.0000,0.0000,1.0000,1.0000E+00,1.0000E+00,
596,870.79,11483.85,1257.60,1421.0000,65535.0000,5145.0000,3724.0000,0.0000,0.0000,0.0000,1.0000,1.0000E+00,1.0000E+00,
597,870.93,11481.91,1259.54,1439.0000,65535.0000,5150.0000,3711.0000,0.0000,0.0000,0.0000,1.0000,1.0000E+00,1.0000E+00,
598,871.08,11479.98,1261.47,1429.0000,65535.0000,5183.0000,3754.0000,0.0000,0.0000,0.0000,1.0000,1.0000E+00,1.0000E+00,
599,871.23,11478.05,1263.40,1435.0000,65535.0000,5221.0000,3786.0000,0.0000,0.0000,0.0000,1.0000,1.0000E+00,1.0000E+00,
600,871.37,11476.12,1265.33,1472.0000,65535.0000,5131.0000,3659.0000,0.0000,0.0000,0.0000,1.0000,1.0000E+00,1.0000E+00,
601,871.52,11474.19,1267.26,1418.0000,65535.0000,5283.0000,3865.0000,0.0000,0.0000,0.0000,1.0000,1.0000E+00,1.0000E+00,
602,871.67,11472.26,1269.19,1418.0000,65535.0000,5262.0000,3844.0000,0.0000,0.0000,0.0000,1.0000,1.0000E+00,1.0000E+00,
603,871.81,11470.34,1271.11,1430.0000,65535.0000,5282.0000,3852.0000,0.0000,0.0000,0.0000,1.0000,1.0000E+00,1.0000E+00,
604,871.96,11468.41,1273.04,1430.0000,65535.0000,5213.0000,3783.0000,0.0000,0.0000,0.0000,1.0000,1.0000E+00,1.0000E+00,
605,872.11,11466.48,1274.97,1407.0000,65535.0000,5224.0000,3817.0000,0.0000,0.0000,0.0000,1.0000,1.0000E+00,1.0000E+00,
606,872.25,11464.56,1276.89,1425.0000,65535.0000,5280.0000,3855.0000,0.0000,0.0000,0.0000,1.0000,1.0000E+00,1.0000E+00,
607,872.40,11462.63,1278.82,1391.0000,65535.0000,5292.0000,3901.0000,0.0000,0.0000,0.0000,1.0000,1.0000E+00,1.0000E+00,
608,872.55,11460.71,1280.74,1431.0000,65535.0000,5291.0000,3860.0000,0.0000,0.0000,0.0000,1.0000,1.0000E+00,1.0000E+00,
609,872.69,11458.79,1282.66,1432.0000,65535.0000,5346.0000,3914.0000,0.0000,0.0000,0.0000,1.0000,1.0000E+00,1.0000E+00,
610,872.84,11456.87,1284.58,1420.0000,65535.0000,5396.0000,3976.0000,0.0000,0.0000,0.0000,1.0000,1.0000E+00,1.0000E+00,
611,872.99,11454.95,1286.50,1420.0000,65535.0000,5375.0000,3955.0000,0.0000,0.0000,0.0000,1.0000,1.0000E+00,1.0000E+00,
612,873.13,11453.03,1288.43,1438.0000,65535.0000,5399.0000,3961.0000,0.0000,0.0000,0.0000,1.0000,1.0000E+00,1.0000E+00,
613,873.28,11451.11,1290.34,1419.0000,65535.0000,5408.0000,3989.0000,0.0000,0.0000,0.0000,1.0000,1.0000E+00,1.0000E+00,
614,873.42,11449.19,1292.26,1458.0000,65535.0000,5494.0000,4036.0000,0.0000,0.0000,0.0000,1.0000,1.0000E+00,1.0000E+00,
615,873.57,11447.27,1294.18,1400.0000,65535.0000,5507.0000,4107.0000,0.0000,0.0000,0.0000,1.0000,1.0000E+00,1.0000E+00,
616,873.72,11445.35,1296.10,1422.0000,65535.0000,5508.0000,4086.0000,0.0000,0.0000,0.0000,1.0000,1.0000E+00,1.0000E+00,
617,873.86,11443.44,1298.01,1393.0000,65535.0000,5478.0000,4085.0000,0.0000,0.0000,0.0000,1.0000,1.0000E+00,1.0000E+00,
618,874.01,11441.52,1299.93,1448.0000,65535.0000,5589.0000,4141.0000,0.0000,0.0000,0.0000,1.0000,1.0000E+00,1.0000E+00,
619,874.16,11439.61,1301.84,1437.0000,65535.0000,5553.0000,4116.0000,0.0000,0.0000,0.0000,1.0000,1.0000E+00,1.0000E+00,
620,874.30,11437.69,1303.76,1385.0000,65535.0000,5579.0000,4194.0000,0.0000,0.0000,0.0000,1.0000,1.0000E+00,1.0000E+00,
621,874.45,11435.78,1305.67,1437.0000,65535.0000,5712.0000,4275.0000,0.0000,0.0000,0.0000,1.0000,1.0000E+00,1.0000E+00,
622,874.59,11433.87,1307.58,1418.0000,65535.0000,5652.0000,4234.0000,0.0000,0.0000,0.0000,1.0000,1.0000E+00,1.0000E+00,
623,874.74,11431.95,1309.50,1395.0000,65535.0000,5626.0000,4231.0000,0.0000,0.0000,0.0000,1.0000,1.0000E+00,1.0000E+00,
624,874.89,11430.04,1311.41,1444.0000,65535.0000,5639.0000,4195.0000,0.0000,0.0000,0.0000,1.0000,1.0000E+00,1.0000E+00,
625,875.03,11428.13,1313.32,1403.0000,65535.0000,5553.0000,4150.0000,0.0000,0.0000,0.0000,1.0000,1.0000E+00,1.0000E+00,
626,875.18,11426.22,1315.23,1416.0000,65535.0000,5653.0000,4237.0000,0.0000,0.0000,0.0000,1.0000,1.0000E+00,1.0000E+00,
627,875.33,11424.32,1317.13,1444.0000,65535.0000,5605.0000,4161.0000,0.0000,0.0000,0.0000,1.0000,1.0000E+00,1.0000E+00,
628,875.47,11422.41,1319.04,1444.0000,65535.0000,5552.0000,4108.0000,0.0000,0.0000,0.0000,1.0000,1.0000E+00,1.0000E+00,
629,875.62,11420.50,1320.95,1422.0000,65535.0000,5592.0000,4170.0000,0.0000,0.0000,0.0000,1.0000,1.0000E+00,1.0000E+00,
630,875.76,11418.60,1322.86,1436.0000,65535.0000,5572.0000,4136.0000,0.0000,0.0000,0.0000,1.0000,1.0000E+00,1.0000E+00,
631,875.91,11416.69,1324.76,1442.0000,65535.0000,5619.0000,4177.0000,0.0000,0.0000,0.0000,1.0000,1.0000E+00,1.0000E+00,
632,876.06,11414.79,1326.66,1432.0000,65535.0000,5606.0000,4174.0000,0.0000,0.0000,0.0000,1.0000,1.0000E+00,1.0000E+00,
633,876.20,11412.88,1328.57,1423.0000,65535.0000,5624.0000,4201.0000,0.0000,0.0000,0.0000,1.0000,1.0000E+00,1.0000E+00,
634,876.35,11410.98,1330.47,1443.0000,65535.0000,5570.0000,4127.0000,0.0000,0.0000,0.0000,1.0000,1.0000E+00,1.0000E+00,
635,876.50,11409.08,1332.37,1443.0000,65535.0000,5511.0000,4068.0000,0.0000,0.0000,0.0000,1.0000,1.0000E+00,1.0000E+00,
636,876.64,11407.18,1334.28,1466.0000,65535.0000,5499.0000,4033.0000,0.0000,0.0000,0.0000,1.0000,1.0000E+00,1.0000E+00,
637,876.79,11405.27,1336.18,1455.0000,65535.0000,5486.0000,4031.0000,0.0000,0.0000,0.0000,1.0000,1.0000E+00,1.0000E+00,
638,876.93,11403.38,1338.08,1430.0000,65535.0000,5435.0000,4005.0000,0.0000,0.0000,0.0000,1.0000,1.0000E+00,1.0000E+00,
639,877.08,11401.48,1339.97,1405.0000,65535.0000,5340.0000,3935.0000,0.0000,0.0000,0.0000,1.0000,1.0000E+00,1.0000E+00,
640,877.23,11399.58,1341.87,1423.0000,65535.0000,5405.0000,3982.0000,0.0000,0.0000,0.0000,1.0000,1.0000E+00,1.0000E+00,
641,877.37,11397.68,1343.77,1424.0000,65535.0000,5330.0000,3906.0000,0.0000,0.0000,0.0000,1.0000,1.0000E+00,1.0000E+00,
642,877.52,11395.78,1345.67,1419.0000,65535.0000,5360.0000,3941.0000,0.0000,0.0000,0.0000,1.0000,1.0000E+00,1.0000E+00,
643,877.66,11393.89,1347.56,1427.0000,65535.0000,5311.0000,3884.0000,0.0000,0.0000,0.0000,1.0000,1.0000E+00,1.0000E+00,
644,877.81,11391.99,1349.46,1424.0000,65535.0000,5309.0000,3885.0000,0.0000,0.0000,0.0000,1.0000,1.0000E+00,1.0000E+00,
645,877.96,11390.10,1351.35,1400.0000,65535.0000,5336.0000,3936.0000,0.0000,0.0000,0.0000,1.0000,1.0000E+00,1.0000E+00,
646,878.10,11388.20,1353.25,1424.0000,65535.0000,5315.0000,3891.0000,0.0000,0.0000,0.0000,1.0000,1.0000E+00,1.0000E+00,
647,878.25,11386.31,1355.14,1425.0000,65535.0000,5378.0000,3953.0000,0.0000,0.0000,0.0000,1.0000,1.0000E+00,1.0000E+00,
648,878.39,11384.42,1357.03,1417.0000,65535.0000,5243.0000,3826.0000,0.0000,0.0000,0.0000,1.0000,1.0000E+00,1.0000E+00,
649,878.54,11382.53,1358.92,1415.0000,65535.0000,5345.0000,3930.0000,0.0000,0.0000,0.0000,1.0000,1.0000E+00,1.0000E+00,
650,878.69,11380.64,1360.81,1394.0000,65535.0000,5357.0000,3963.0000,0.0000,0.0000,0.0000,1.0000,1.0000E+00,1.0000E+00,
651,878.83,11378.75,1362.70,1437.0000,65535.0000,5352.0000,3915.0000,0.0000,0.0000,0.0000,1.0000,1.0000E+00,1.0000E+00,
652,878.98,11376.86,1364.59,1407.0000,65535.0000,5399.0000,3992.0000,0.0000,0.0000,0.0000,1.0000,1.0000E+00,1.0000E+00,
653,879.12,11374.97,1366.48,1449.0000,65535.0000,5425.0000,3976.0000,0.0000,0.0000,0.0000,1.0000,1.0000E+00,1.0000E+00,
654,879.27,11373.08,1368.37,1393.0000,65535.0000,5425.0000,4032.0000,0.0000,0.0000,0.0000,1.0000,1.0000E+00,1.0000E+00,
655,879.41,11371.20,1370.25,1399.0000,65535.0000,5360.0000,3961.0000,0.0000,0.0000,0.0000,1.0000,1.0000E+00,1.0000E+00,
656,879.56,11369.31,1372.14,1414.0000,65535.0000,5393.0000,3979.0000,0.0000,0.0000,0.0000,1.0000,1.0000E+00,1.0000E+00,
657,879.71,11367.43,1374.02,1410.0000,65535.0000,5330.0000,3920.0000,0.0000,0.0000,0.0000,1.0000,1.0000E+00,1.0000E+00,
658,879.85,11365.54,1375.91,1399.0000,65535.0000,5317.0000,3918.0000,0.0000,0.0000,0.0000,1.0000,1.0000E+00,1.0000E+00,
659,880.00,11363.66,1377.79,1442.0000,65535.0000,5290.0000,3848.0000,0.0000,0.0000,0.0000,1.0000,1.0000E+00,1.0000E+00,
660,880.14,11361.78,1379.67,1408.0000,65535.0000,5209.0000,3801.0000,0.0000,0.0000,0.0000,1.0000,1.0000E+00,1.0000E+00,
661,880.29,11359.90,1381.56,1975.0000,65535.0000,5800.0000,3825.0000,0.0000,0.0000,0.0000,1.0000,1.0000E+00,1.0000E+00,
662,880.44,11358.01,1383.44,1419.0000,65535.0000,5203.0000,3784.0000,0.0000,0.0000,0.0000,1.0000,1.0000E+00,1.0000E+00,
663,880.58,11356.13,1385.32,1449.0000,65535.0000,5123.0000,3674.0000,0.0000,0.0000,0.0000,1.0000,1.0000E+00,1.0000E+00,
664,880.73,11354.25,1387.20,1438.0000,65535.0000,5196.0000,3758.0000,0.0000,0.0000,0.0000,1.0000,1.0000E+00,1.0000E+00,
665,880.87,11352.38,1389.08,1420.0000,65535.0000,5090.0000,3670.0000,0.0000,0.0000,0.0000,1.0000,1.0000E+00,1.0000E+00,
666,881.02,11350.50,1390.95,1424.0000,65535.0000,5152.0000,3728.0000,0.0000,0.0000,0.0000,1.0000,1.0000E+00,1.0000E+00,
667,881.16,11348.62,1392.83,1436.0000,65535.0000,5076.0000,3640.0000,0.0000,0.0000,0.0000,1.0000,1.0000E+00,1.0000E+00,
668,881.31,11346.74,1394.71,1440.0000,65535.0000,5130.0000,3690.0000,0.0000,0.0000,0.0000,1.0000,1.0000E+00,1.0000E+00,
669,881.46,11344.87,1396.58,1419.0000,65535.0000,5050.0000,3631.0000,0.0000,0.0000,0.0000,1.0000,1.0000E+00,1.0000E+00,
670,881.60,11342.99,1398.46,1421.0000,65535.0000,5001.0000,3580.0000,0.0000,0.0000,0.0000,1.0000,1.0000E+00,1.0000E+00,
671,881.75,11341.12,1400.33,1443.0000,65535.0000,4939.0000,3496.0000,0.0000,0.0000,0.0000,1.0000,1.0000E+00,1.0000E+00,
672,881.89,11339.25,1402.21,1417.0000,65535.0000,4865.0000,3448.0000,0.0000,0.0000,0.0000,1.0000,1.0000E+00,1.0000E+00,
673,882.04,11337.37,1404.08,1412.0000,65535.0000,4857.0000,3445.0000,0.0000,0.0000,0.0000,1.0000,1.0000E+00,1.0000E+00,
674,882.18,11335.50,1405.95,1402.0000,65535.0000,4835.0000,3433.0000,0.0000,0.0000,0.0000,1.0000,1.0000E+00,1.0000E+00,
675,882.33,11333.63,1407.82,1460.0000,65535.0000,4950.0000,3490.0000,0.0000,0.0000,0.0000,1.0000,1.0000E+00,1.0000E+00,
676,882.48,11331.76,1409.69,1419.0000,65535.0000,4858.0000,3439.0000,0.0000,0.0000,0.0000,1.0000,1.0000E+00,1.0000E+00,
677,882.62,11329.89,1411.56,1440.0000,65535.0000,4943.0000,3503.0000,0.0000,0.0000,0.0000,1.0000,1.0000E+00,1.0000E+00,
678,882.77,11328.02,1413.43,1402.0000,65535.0000,4908.0000,3506.0000,0.0000,0.0000,0.0000,1.0000,1.0000E+00,1.0000E+00,
679,882.91,11326.15,1415.30,1472.0000,65535.0000,4955.0000,3483.0000,0.0000,0.0000,0.0000,1.0000,1.0000E+00,1.0000E+00,
680,883.06,11324.29,1417.16,1440.0000,65535.0000,4935.0000,3495.0000,0.0000,0.0000,0.0000,1.0000,1.0000E+00,1.0000E+00,
681,883.20,11322.42,1419.03,1408.0000,65535.0000,4924.0000,3516.0000,0.0000,0.0000,0.0000,1.0000,1.0000E+00,1.0000E+00,
682,883.35,11320.55,1420.90,1470.0000,65535.0000,4979.0000,3509.0000,0.0000,0.0000,0.0000,1.0000,1.0000E+00,1.0000E+00,
683,883.49,11318.69,1422.76,1385.0000,65535.0000,4934.0000,3549.0000,0.0000,0.0000,0.0000,1.0000,1.0000E+00,1.0000E+00,
684,883.64,11316.82,1424.63,1425.0000,65535.0000,4980.0000,3555.0000,0.0000,0.0000,0.0000,1.0000,1.0000E+00,1.0000E+00,
685,883.79,11314.96,1426.49,1413.0000,65535.0000,5067.0000,3654.0000,0.0000,0.0000,0.0000,1.0000,1.0000E+00,1.0000E+00,
686,883.93,11313.10,1428.35,1419.0000,65535.0000,4948.0000,3529.0000,0.0000,0.0000,0.0000,1.0000,1.0000E+00,1.0000E+00,
687,884.08,11311.24,1430.21,1401.0000,65535.0000,5036.0000,3635.0000,0.0000,0.0000,0.0000,1.0000,1.0000E+00,1.0000E+00,
688,884.22,11309.38,1432.08,1449.0000,65535.0000,5172.0000,3723.0000,0.0000,0.0000,0.0000,1.0000,1.0000E+00,1.0000E+00,
689,884.37,11307.52,1433.94,1458.0000,65535.0000,5074.0000,3616.0000,0.0000,0.0000,0.0000,1.0000,1.0000E+00,1.0000E+00,
690,884.51,11305.66,1435.80,1441.0000,65535.0000,5062.0000,3621.0000,0.0000,0.0000,0.0000,1.0000,1.0000E+00,1.0000E+00,
691,884.66,11303.80,1437.65,1446.0000,65535.0000,5129.0000,3683.0000,0.0000,0.0000,0.0000,1.0000,1.0000E+00,1.0000E+00,
692,884.80,11301.94,1439.51,1533.0000,65535.0000,5241.0000,3708.0000,0.0000,0.0000,0.0000,1.0000,1.0000E+00,1.0000E+00,
693,884.95,11300.08,1441.37,1423.0000,65535.0000,5146.0000,3723.0000,0.0000,0.0000,0.0000,1.0000,1.0000E+00,1.0000E+00,
694,885.09,11298.22,1443.23,1429.0000,65535.0000,5131.0000,3702.0000,0.0000,0.0000,0.0000,1.0000,1.0000E+00,1.0000E+00,
695,885.24,11296.37,1445.08,1414.0000,65535.0000,5228.0000,3814.0000,0.0000,0.0000,0.0000,1.0000,1.0000E+00,1.0000E+00,
696,885.39,11294.51,1446.94,1419.0000,65535.0000,5143.0000,3724.0000,0.0000,0.0000,0.0000,1.0000,1.0000E+00,1.0000E+00,
697,885.53,11292.66,1448.79,1433.0000,65535.0000,5220.0000,3787.0000,0.0000,0.0000,0.0000,1.0000,1.0000E+00,1.0000E+00,
698,885.68,11290.81,1450.64,1435.0000,65535.0000,5230.0000,3795.0000,0.0000,0.0000,0.0000,1.0000,1.0000E+00,1.0000E+00,
699,885.82,11288.95,1452.50,1405.0000,65535.0000,5169.0000,3764.0000,0.0000,0.0000,0.0000,1.0000,1.0000E+00,1.0000E+00,
700,885.97,11287.10,1454.35,1444.0000,65535.0000,5128.0000,3684.0000,0.0000,0.0000,0.0000,1.0000,1.0000E+00,1.0000E+00,
701,886.11,11285.25,1456.20,1453.0000,65535.0000,5153.0000,3700.0000,0.0000,0.0000,0.0000,1.0000,1.0000E+00,1.0000E+00,
702,886.26,11283.40,1458.05,1412.0000,65535.0000,5075.0000,3663.0000,0.0000,0.0000,0.0000,1.0000,1.0000E+00,1.0000E+00,
703,886.40,11281.55,1459.90,1423.0000,65535.0000,5156.0000,3733.0000,0.0000,0.0000,0.0000,1.0000,1.0000E+00,1.0000E+00,
704,886.55,11279.70,1461.75,1401.0000,65535.0000,4951.0000,3550.0000,0.0000,0.0000,0.0000,1.0000,1.0000E+00,1.0000E+00,
705,886.69,11277.85,1463.60,1417.0000,65535.0000,4904.0000,3487.0000,0.0000,0.0000,0.0000,1.0000,1.0000E+00,1.0000E+00,
706,886.84,11276.01,1465.45,1433.0000,65535.0000,4914.0000,3481.0000,0.0000,0.0000,0.0000,1.0000,1.0000E+00,1.0000E+00,
707,886.98,11274.16,1467.29,1451.0000,65535.0000,4860.0000,3409.0000,0.0000,0.0000,0.0000,1.0000,1.0000E+00,1.0000E+00,
708,887.13,11272.31,1469.14,1430.0000,65535.0000,4789.0000,3359.0000,0.0000,0.0000,0.0000,1.0000,1.0000E+00,1.0000E+00,
709,887.27,11270.47,1470.98,1413.0000,65535.0000,4762.0000,3349.0000,0.0000,0.0000,0.0000,1.0000,1.0000E+00,1.0000E+00,
710,887.42,11268.62,1472.83,1442.0000,65535.0000,4709.0000,3267.0000,0.0000,0.0000,0.0000,1.0000,1.0000E+00,1.0000E+00,
711,887.57,11266.78,1474.67,1439.0000,65535.0000,4730.0000,3291.0000,0.0000,0.0000,0.0000,1.0000,1.0000E+00,1.0000E+00,
712,887.71,11264.94,1476.51,1412.0000,65535.0000,4696.0000,3284.0000,0.0000,0.0000,0.0000,1.0000,1.0000E+00,1.0000E+00,
713,887.86,11263.09,1478.36,1430.0000,65535.0000,4666.0000,3236.0000,0.0000,0.0000,0.0000,1.0000,1.0000E+00,1.0000E+00,
714,888.00,11261.25,1480.20,1420.0000,65535.0000,4684.0000,3264.0000,0.0000,0.0000,0.0000,1.0000,1.0000E+00,1.0000E+00,
715,888.15,11259.41,1482.04,1434.0000,65535.0000,4640.0000,3206.0000,0.0000,0.0000,0.0000,1.0000,1.0000E+00,1.0000E+00,
716,888.29,11257.57,1483.88,1485.0000,65535.0000,4721.0000,3236.0000,0.0000,0.0000,0.0000,1.0000,1.0000E+00,1.0000E+00,
717,888.44,11255.73,1485.72,1417.0000,65535.0000,4573.0000,3156.0000,0.0000,0.0000,0.0000,1.0000,1.0000E+00,1.0000E+00,
718,888.58,11253.89,1487.56,1423.0000,65535.0000,4604.0000,3181.0000,0.0000,0.0000,0.0000,1.0000,1.0000E+00,1.0000E+00,
719,888.73,11252.06,1489.39,1432.0000,65535.0000,4587.0000,3155.0000,0.0000,0.0000,0.0000,1.0000,1.0000E+00,1.0000E+00,
720,888.87,11250.22,1491.23,1443.0000,65535.0000,4622.0000,3179.0000,0.0000,0.0000,0.0000,1.0000,1.0000E+00,1.0000E+00,
721,889.02,11248.38,1493.07,1452.0000,65535.0000,4519.0000,3067.0000,0.0000,0.0000,0.0000,1.0000,1.0000E+00,1.0000E+00,
722,889.16,11246.55,1494.90,1404.0000,65535.0000,4536.0000,3132.0000,0.0000,0.0000,0.0000,1.0000,1.0000E+00,1.0000E+00,
723,889.31,11244.71,1496.74,1376.0000,65535.0000,4532.0000,3156.0000,0.0000,0.0000,0.0000,1.0000,1.0000E+00,1.0000E+00,
724,889.45,11242.88,1498.57,1436.0000,65535.0000,4593.0000,3157.0000,0.0000,0.0000,0.0000,1.0000,1.0000E+00,1.0000E+00,
725,889.60,11241.05,1500.40,1441.0000,65535.0000,4507.0000,3066.0000,0.0000,0.0000,0.0000,1.0000,1.0000E+00,1.0000E+00,
726,889.74,11239.21,1502.24,1432.0000,65535.0000,4599.0000,3167.0000,0.0000,0.0000,0.0000,1.0000,1.0000E+00,1.0000E+00,
727,889.89,11237.38,1504.07,1431.0000,65535.0000,4558.0000,3127.0000,0.0000,0.0000,0.0000,1.0000,1.0000E+00,1.0000E+00,
728,890.03,11235.55,1505.90,1395.0000,65535.0000,4581.0000,3186.0000,0.0000,0.0000,0.0000,1.0000,1.0000E+00,1.0000E+00,
729,890.18,11233.72,1507.73,1432.0000,65535.0000,4603.0000,3171.0000,0.0000,0.0000,0.0000,1.0000,1.0000E+00,1.0000E+00,
730,890.32,11231.89,1509.56,1408.0000,65535.0000,4508.0000,3100.0000,0.0000,0.0000,0.0000,1.0000,1.0000E+00,1.0000E+00,
731,890.47,11230.06,1511.39,1397.0000,65535.0000,4506.0000,3109.0000,0.0000,0.0000,0.0000,1.0000,1.0000E+00,1.0000E+00,
732,890.61,11228.24,1513.21,1399.0000,65535.0000,4547.0000,3148.0000,0.0000,0.0000,0.0000,1.0000,1.0000E+00,1.0000E+00,
733,890.76,11226.41,1515.04,1402.0000,65535.0000,4580.0000,3178.0000,0.0000,0.0000,0.0000,1.0000,1.0000E+00,1.0000E+00,
734,890.90,11224.58,1516.87,1426.0000,65535.0000,4576.0000,3150.0000,0.0000,0.0000,0.0000,1.0000,1.0000E+00,1.0000E+00,
735,891.05,11222.76,1518.69,1420.0000,65535.0000,4614.0000,3194.0000,0.0000,0.0000,0.0000,1.0000,1.0000E+00,1.0000E+00,
736,891.19,11220.93,1520.52,1395.0000,65535.0000,4560.0000,3165.0000,0.0000,0.0000,0.0000,1.0000,1.0000E+00,1.0000E+00,
737,891.34,11219.11,1522.34,1438.0000,65535.0000,4596.0000,3158.0000,0.0000,0.0000,0.0000,1.0000,1.0000E+00,1.0000E+00,
738,891.48,11217.28,1524.17,1389.0000,65535.0000,4675.0000,3286.0000,0.0000,0.0000,0.0000,1.0000,1.0000E+00,1.0000E+00,
739,891.63,11215.46,1525.99,1418.0000,65535.0000,4695.0000,3277.0000,0.0000,0.0000,0.0000,1.0000,1.0000E+00,1.0000E+00,
740,891.77,11213.64,1527.81,1413.0000,65535.0000,4692.0000,3279.0000,0.0000,0.0000,0.0000,1.0000,1.0000E+00,1.0000E+00,
741,891.92,11211.82,1529.63,1425.0000,65535.0000,4742.0000,3317.0000,0.0000,0.0000,0.0000,1.0000,1.0000E+00,1.0000E+00,
742,892.06,11210.00,1531.45,1390.0000,65535.0000,4667.0000,3277.0000,0.0000,0.0000,0.0000,1.0000,1.0000E+00,1.0000E+00,
743,892.21,11208.18,1533.27,1399.0000,65535.0000,4700.0000,3301.0000,0.0000,0.0000,0.0000,1.0000,1.0000E+00,1.0000E+00,
744,892.35,11206.36,1535.09,1369.0000,65535.0000,4814.0000,3445.0000,0.0000,0.0000,0.0000,1.0000,1.0000E+00,1.0000E+00,
745,892.50,11204.54,1536.91,1470.0000,65535.0000,4777.0000,3307.0000,0.0000,0.0000,0.0000,1.0000,1.0000E+00,1.0000E+00,
746,892.64,11202.72,1538.73,1423.0000,65535.0000,4739.0000,3316.0000,0.0000,0.0000,0.0000,1.0000,1.0000E+00,1.0000E+00,
747,892.78,11200.91,1540.54,1451.0000,65535.0000,4746.0000,3295.0000,0.0000,0.0000,0.0000,1.0000,1.0000E+00,1.0000E+00,
748,892.93,11199.09,1542.36,1476.0000,65535.0000,4807.0000,3331.0000,0.0000,0.0000,0.0000,1.0000,1.0000E+00,1.0000E+00,
749,893.07,11197.28,1544.18,1446.0000,65535.0000,4801.0000,3355.0000,0.0000,0.0000,0.0000,1.0000,1.0000E+00,1.0000E+00,
750,893.22,11195.46,1545.99,1415.0000,65535.0000,4723.0000,3308.0000,0.0000,0.0000,0.0000,1.0000,1.0000E+00,1.0000E+00,
751,893.36,11193.65,1547.80,1428.0000,65535.0000,4680.0000,3252.0000,0.0000,0.0000,0.0000,1.0000,1.0000E+00,1.0000E+00,
752,893.51,11191.83,1549.62,1410.0000,65535.0000,4703.0000,3293.0000,0.0000,0.0000,0.0000,1.0000,1.0000E+00,1.0000E+00,
753,893.65,11190.02,1551.43,1440.0000,65535.0000,4727.0000,3287.0000,0.0000,0.0000,0.0000,1.0000,1.0000E+00,1.0000E+00,
754,893.80,11188.21,1553.24,1440.0000,65535.0000,4721.0000,3281.0000,0.0000,0.0000,0.0000,1.0000,1.0000E+00,1.0000E+00,
755,893.94,11186.40,1555.05,1436.0000,65535.0000,4694.0000,3258.0000,0.0000,0.0000,0.0000,1.0000,1.0000E+00,1.0000E+00,
756,894.09,11184.59,1556.86,1394.0000,65535.0000,4650.0000,3256.0000,0.0000,0.0000,0.0000,1.0000,1.0000E+00,1.0000E+00,
757,894.23,11182.78,1558.67,1449.0000,65535.0000,4658.0000,3209.0000,0.0000,0.0000,0.0000,1.0000,1.0000E+00,1.0000E+00,
758,894.38,11180.97,1560.48,1442.0000,65535.0000,4610.0000,3168.0000,0.0000,0.0000,0.0000,1.0000,1.0000E+00,1.0000E+00,
759,894.52,11179.16,1562.29,1434.0000,65535.0000,4613.0000,3179.0000,0.0000,0.0000,0.0000,1.0000,1.0000E+00,1.0000E+00,
760,894.67,11177.36,1564.09,1417.0000,65535.0000,4738.0000,3321.0000,0.0000,0.0000,0.0000,1.0000,1.0000E+00,1.0000E+00,
761,894.81,11175.55,1565.90,1429.0000,65535.0000,4723.0000,3294.0000,0.0000,0.0000,0.0000,1.0000,1.0000E+00,1.0000E+00,
762,894.96,11173.74,1567.71,1439.0000,65535.0000,4697.0000,3258.0000,0.0000,0.0000,0.0000,1.0000,1.0000E+00,1.0000E+00,
763,895.10,11171.94,1569.51,1380.0000,65535.0000,4580.0000,3200.0000,0.0000,0.0000,0.0000,1.0000,1.0000E+00,1.0000E+00,
764,895.24,11170.13,1571.32,1438.0000,65535.0000,4736.0000,3298.0000,0.0000,0.0000,0.0000,1.0000,1.0000E+00,1.0000E+00,
765,895.39,11168.33,1573.12,1408.0000,65535.0000,4662.0000,3254.0000,0.0000,0.0000,0.0000,1.0000,1.0000E+00,1.0000E+00,
766,895.53,11166.53,1574.92,1443.0000,65535.0000,4644.0000,3201.0000,0.0000,0.0000,0.0000,1.0000,1.0000E+00,1.0000E+00,
767,895.68,11164.73,1576.72,1421.0000,65535.0000,4680.0000,3259.0000,0.0000,0.0000,0.0000,1.0000,1.0000E+00,1.0000E+00,
768,895.82,11162.93,1578.53,1453.0000,65535.0000,4716.0000,3263.0000,0.0000,0.0000,0.0000,1.0000,1.0000E+00,1.0000E+00,
769,895.97,11161.12,1580.33,1424.0000,65535.0000,4691.0000,3267.0000,0.0000,0.0000,0.0000,1.0000,1.0000E+00,1.0000E+00,
770,896.11,11159.32,1582.13,1383.0000,65535.0000,4675.0000,3292.0000,0.0000,0.0000,0.0000,1.0000,1.0000E+00,1.0000E+00,
771,896.26,11157.53,1583.92,1398.0000,65535.0000,4653.0000,3255.0000,0.0000,0.0000,0.0000,1.0000,1.0000E+00,1.0000E+00,
772,896.40,11155.73,1585.72,1409.0000,65535.0000,4559.0000,3150.0000,0.0000,0.0000,0.0000,1.0000,1.0000E+00,1.0000E+00,
773,896.55,11153.93,1587.52,1410.0000,65535.0000,4570.0000,3160.0000,0.0000,0.0000,0.0000,1.0000,1.0000E+00,1.0000E+00,
774,896.69,11152.13,1589.32,1468.0000,65535.0000,4509.0000,3041.0000,0.0000,0.0000,0.0000,1.0000,1.0000E+00,1.0000E+00,
775,896.83,11150.34,1591.11,1408.0000,65535.0000,4439.0000,3031.0000,0.0000,0.0000,0.0000,1.0000,1.0000E+00,1.0000E+00,
776,896.98,11148.54,1592.91,1408.0000,65535.0000,4467.0000,3059.0000,0.0000,0.0000,0.0000,1.0000,1.0000E+00,1.0000E+00,
777,897.12,11146.75,1594.70,1384.0000,65535.0000,4395.0000,3011.0000,0.0000,0.0000,0.0000,1.0000,1.0000E+00,1.0000E+00,
778,897.27,11144.95,1596.50,1414.0000,65535.0000,4419.0000,3005.0000,0.0000,0.0000,0.0000,1.0000,1.0000E+00,1.0000E+00,
779,897.41,11143.16,1598.29,1430.0000,65535.0000,4355.0000,2925.0000,0.0000,0.0000,0.0000,1.0000,1.0000E+00,1.0000E+00,
780,897.56,11141.37,1600.08,1452.0000,65535.0000,4311.0000,2859.0000,0.0000,0.0000,0.0000,1.0000,1.0000E+00,1.0000E+00,
781,897.70,11139.58,1601.88,1420.0000,65535.0000,4287.0000,2867.0000,0.0000,0.0000,0.0000,1.0000,1.0000E+00,1.0000E+00,
782,897.84,11137.78,1603.67,1437.0000,65535.0000,4315.0000,2878.0000,0.0000,0.0000,0.0000,1.0000,1.0000E+00,1.0000E+00,
783,897.99,11135.99,1605.46,1394.0000,65535.0000,4291.0000,2897.0000,0.0000,0.0000,0.0000,1.0000,1.0000E+00,1.0000E+00,
784,898.13,11134.20,1607.25,1430.0000,65535.0000,4303.0000,2873.0000,0.0000,0.0000,0.0000,1.0000,1.0000E+00,1.0000E+00,
785,898.28,11132.42,1609.04,1421.0000,65535.0000,4170.0000,2749.0000,0.0000,0.0000,0.0000,1.0000,1.0000E+00,1.0000E+00,
786,898.42,11130.63,1610.82,1429.0000,65535.0000,4212.0000,2783.0000,0.0000,0.0000,0.0000,1.0000,1.0000E+00,1.0000E+00,
787,898.57,11128.84,1612.61,1432.0000,65535.0000,4220.0000,2788.0000,0.0000,0.0000,0.0000,1.0000,1.0000E+00,1.0000E+00,
788,898.71,11127.05,1614.40,1477.0000,65535.0000,4316.0000,2839.0000,0.0000,0.0000,0.0000,1.0000,1.0000E+00,1.0000E+00,
789,898.85,11125.27,1616.18,1409.0000,65535.0000,4219.0000,2810.0000,0.0000,0.0000,0.0000,1.0000,1.0000E+00,1.0000E+00,
790,899.00,11123.48,1617.97,1453.0000,65535.0000,4315.0000,2862.0000,0.0000,0.0000,0.0000,1.0000,1.0000E+00,1.0000E+00,
791,899.14,11121.70,1619.75,1422.0000,65535.0000,4234.0000,2812.0000,0.0000,0.0000,0.0000,1.0000,1.0000E+00,1.0000E+00,
792,899.29,11119.91,1621.54,1442.0000,65535.0000,4305.0000,2863.0000,0.0000,0.0000,0.0000,1.0000,1.0000E+00,1.0000E+00,
793,899.43,11118.13,1623.32,1417.0000,65535.0000,4271.0000,2854.0000,0.0000,0.0000,0.0000,1.0000,1.0000E+00,1.0000E+00,
794,899.58,11116.35,1625.10,1387.0000,65535.0000,4294.0000,2907.0000,0.0000,0.0000,0.0000,1.0000,1.0000E+00,1.0000E+00,
795,899.72,11114.57,1626.88,1424.0000,65535.0000,4360.0000,2936.0000,0.0000,0.0000,0.0000,1.0000,1.0000E+00,1.0000E+00,
796,899.86,11112.79,1628.66,1434.0000,65535.0000,4441.0000,3007.0000,0.0000,0.0000,0.0000,1.0000,1.0000E+00,1.0000E+00,
797,900.01,11111.01,1630.45,1415.0000,65535.0000,4342.0000,2927.0000,0.0000,0.0000,0.0000,1.0000,1.0000E+00,1.0000E+00,
798,900.15,11109.23,1632.22,1433.0000,65535.0000,4479.0000,3046.0000,0.0000,0.0000,0.0000,1.0000,1.0000E+00,1.0000E+00,
799,900.30,11107.45,1634.00,1427.0000,65535.0000,4469.0000,3042.0000,0.0000,0.0000,0.0000,1.0000,1.0000E+00,1.0000E+00,
800,900.44,11105.67,1635.78,1444.0000,65535.0000,4517.0000,3073.0000,0.0000,0.0000,0.0000,1.0000,1.0000E+00,1.0000E+00,
801,900.59,11103.89,1637.56,1451.0000,65535.0000,4423.0000,2972.0000,0.0000,0.0000,0.0000,1.0000,1.0000E+00,1.0000E+00,
802,900.73,11102.12,1639.34,1417.0000,65535.0000,4416.0000,2999.0000,0.0000,0.0000,0.0000,1.0000,1.0000E+00,1.0000E+00,
803,900.87,11100.34,1641.11,1399.0000,65535.0000,4376.0000,2977.0000,0.0000,0.0000,0.0000,1.0000,1.0000E+00,1.0000E+00,
804,901.02,11098.56,1642.89,1418.0000,65535.0000,4279.0000,2861.0000,0.0000,0.0000,0.0000,1.0000,1.0000E+00,1.0000E+00,
805,901.16,11096.79,1644.66,1427.0000,65535.0000,4263.0000,2836.0000,0.0000,0.0000,0.0000,1.0000,1.0000E+00,1.0000E+00,
806,901.31,11095.02,1646.43,1435.0000,65535.0000,4222.0000,2787.0000,0.0000,0.0000,0.0000,1.0000,1.0000E+00,1.0000E+00,
807,901.45,11093.24,1648.21,1427.0000,65535.0000,4184.0000,2757.0000,0.0000,0.0000,0.0000,1.0000,1.0000E+00,1.0000E+00,
808,901.59,11091.47,1649.98,1439.0000,65535.0000,4162.0000,2723.0000,0.0000,0.0000,0.0000,1.0000,1.0000E+00,1.0000E+00,
809,901.74,11089.70,1651.75,1441.0000,65535.0000,4088.0000,2647.0000,0.0000,0.0000,0.0000,1.0000,1.0000E+00,1.0000E+00,
810,901.88,11087.93,1653.52,1397.0000,65535.0000,4088.0000,2691.0000,0.0000,0.0000,0.0000,1.0000,1.0000E+00,1.0000E+00,
811,902.03,11086.16,1655.29,1424.0000,65535.0000,4049.0000,2625.0000,0.0000,0.0000,0.0000,1.0000,1.0000E+00,1.0000E+00,
812,902.17,11084.39,1657.06,1394.0000,65535.0000,3956.0000,2562.0000,0.0000,0.0000,0.0000,1.0000,1.0000E+00,1.0000E+00,
813,902.31,11082.62,1658.83,1450.0000,65535.0000,3998.0000,2548.0000,0.0000,0.0000,0.0000,1.0000,1.0000E+00,1.0000E+00,
814,902.46,11080.85,1660.60,1407.0000,65535.0000,4025.0000,2618.0000,0.0000,0.0000,0.0000,1.0000,1.0000E+00,1.0000E+00,
815,902.60,11079.09,1662.36,1438.0000,65535.0000,3921.0000,2483.0000,0.0000,0.0000,0.0000,1.0000,1.0000E+00,1.0000E+00,
816,902.75,11077.32,1664.13,1433.0000,65535.0000,3973.0000,2540.0000,0.0000,0.0000,0.0000,1.0000,1.0000E+00,1.0000E+00,
817,902.89,11075.55,1665.90,1423.0000,65535.0000,3871.0000,2448.0000,0.0000,0.0000,0.0000,1.0000,1.0000E+00,1.0000E+00,
818,903.03,11073.79,1667.66,1399.0000,65535.0000,3917.0000,2518.0000,0.0000,0.0000,0.0000,1.0000,1.0000E+00,1.0000E+00,
819,903.18,11072.02,1669.43,1415.0000,65535.0000,3955.0000,2540.0000,0.0000,0.0000,0.0000,1.0000,1.0000E+00,1.0000E+00,
820,903.32,11070.26,1671.19,1404.0000,65535.0000,3926.0000,2522.0000,0.0000,0.0000,0.0000,1.0000,1.0000E+00,1.0000E+00,
821,903.47,11068.50,1672.95,1465.0000,65535.0000,3893.0000,2428.0000,0.0000,0.0000,0.0000,1.0000,1.0000E+00,1.0000E+00,
822,903.61,11066.73,1674.72,1426.0000,65535.0000,3897.0000,2471.0000,0.0000,0.0000,0.0000,1.0000,1.0000E+00,1.0000E+00,
823,903.75,11064.97,1676.48,1412.0000,65535.0000,3891.0000,2479.0000,0.0000,0.0000,0.0000,1.0000,1.0000E+00,1.0000E+00,
824,903.90,11063.21,1678.24,1424.0000,65535.0000,3853.0000,2429.0000,0.0000,0.0000,0.0000,1.0000,1.0000E+00,1.0000E+00,
825,904.04,11061.45,1680.00,1450.0000,65535.0000,3880.0000,2430.0000,0.0000,0.0000,0.0000,1.0000,1.0000E+00,1.0000E+00,
826,904.18,11059.69,1681.76,1423.0000,65535.0000,3908.0000,2485.0000,0.0000,0.0000,0.0000,1.0000,1.0000E+00,1.0000E+00,
827,904.33,11057.93,1683.52,1465.0000,65535.0000,3886.0000,2421.0000,0.0000,0.0000,0.0000,1.0000,1.0000E+00,1.0000E+00,
828,904.47,11056.18,1685.27,1431.0000,65535.0000,3874.0000,2443.0000,0.0000,0.0000,0.0000,1.0000,1.0000E+00,1.0000E+00,
829,904.62,11054.42,1687.03,1441.0000,65535.0000,3874.0000,2433.0000,0.0000,0.0000,0.0000,1.0000,1.0000E+00,1.0000E+00,
830,904.76,11052.66,1688.79,1384.0000,65535.0000,3864.0000,2480.0000,0.0000,0.0000,0.0000,1.0000,1.0000E+00,1.0000E+00,
831,904.90,11050.91,1690.54,1414.0000,65535.0000,3900.0000,2486.0000,0.0000,0.0000,0.0000,1.0000,1.0000E+00,1.0000E+00,
832,905.05,11049.15,1692.30,1405.0000,65535.0000,3907.0000,2502.0000,0.0000,0.0000,0.0000,1.0000,1.0000E+00,1.0000E+00,
833,905.19,11047.40,1694.05,1421.0000,65535.0000,3902.0000,2481.0000,0.0000,0.0000,0.0000,1.0000,1.0000E+00,1.0000E+00,
834,905.33,11045.64,1695.81,1463.0000,65535.0000,3836.0000,2373.0000,0.0000,0.0000,0.0000,1.0000,1.0000E+00,1.0000E+00,
835,905.48,11043.89,1697.56,1417.0000,65535.0000,3932.0000,2515.0000,0.0000,0.0000,0.0000,1.0000,1.0000E+00,1.0000E+00,
836,905.62,11042.14,1699.31,1431.0000,65535.0000,3921.0000,2490.0000,0.0000,0.0000,0.0000,1.0000,1.0000E+00,1.0000E+00,
837,905.77,11040.39,1701.06,1410.0000,65535.0000,3922.0000,2512.0000,0.0000,0.0000,0.0000,1.0000,1.0000E+00,1.0000E+00,
838,905.91,11038.64,1702.81,1430.0000,65535.0000,3843.0000,2413.0000,0.0000,0.0000,0.0000,1.0000,1.0000E+00,1.0000E+00,
839,906.05,11036.89,1704.56,1429.0000,65535.0000,3802.0000,2373.0000,0.0000,0.0000,0.0000,1.0000,1.0000E+00,1.0000E+00,
840,906.20,11035.14,1706.31,1415.0000,65535.0000,3869.0000,2454.0000,0.0000,0.0000,0.0000,1.0000,1.0000E+00,1.0000E+00,
841,906.34,11033.39,1708.06,1417.0000,65535.0000,3855.0000,2438.0000,0.0000,0.0000,0.0000,1.0000,1.0000E+00,1.0000E+00,
842,906.48,11031.64,1709.81,1415.0000,65535.0000,3802.0000,2387.0000,0.0000,0.0000,0.0000,1.0000,1.0000E+00,1.0000E+00,
843,906.63,11029.89,1711.56,1440.0000,65535.0000,3773.0000,2333.0000,0.0000,0.0000,0.0000,1.0000,1.0000E+00,1.0000E+00,
844,906.77,11028.15,1713.30,1423.0000,65535.0000,3736.0000,2313.0000,0.0000,0.0000,0.0000,1.0000,1.0000E+00,1.0000E+00,
845,906.91,11026.40,1715.05,1394.0000,65535.0000,3725.0000,2331.0000,0.0000,0.0000,0.0000,1.0000,1.0000E+00,1.0000E+00,
846,907.06,11024.66,1716.80,1421.0000,65535.0000,3626.0000,2205.0000,0.0000,0.0000,0.0000,1.0000,1.0000E+00,1.0000E+00,
847,907.20,11022.91,1718.54,1414.0000,65535.0000,3671.0000,2257.0000,0.0000,0.0000,0.0000,1.0000,1.0000E+00,1.0000E+00,
848,907.34,11021.17,1720.28,1489.0000,65535.0000,3659.0000,2170.0000,0.0000,0.0000,0.0000,1.0000,1.0000E+00,1.0000E+00,
849,907.49,11019.42,1722.03,1413.0000,65535.0000,3598.0000,2185.0000,0.0000,0.0000,0.0000,1.0000,1.0000E+00,1.0000E+00,
850,907.63,11017.68,1723.77,1432.0000,65535.0000,3554.0000,2122.0000,0.0000,0.0000,0.0000,1.0000,1.0000E+00,1.0000E+00,
851,907.78,11015.94,1725.51,1423.0000,65535.0000,3540.0000,2117.0000,0.0000,0.0000,0.0000,1.0000,1.0000E+00,1.0000E+00,
852,907.92,11014.20,1727.25,1387.0000,65535.0000,3464.0000,2077.0000,0.0000,0.0000,0.0000,1.0000,1.0000E+00,1.0000E+00,
853,908.06,11012.46,1728.99,1433.0000,65535.0000,3582.0000,2149.0000,0.0000,0.0000,0.0000,1.0000,1.0000E+00,1.0000E+00,
854,908.21,11010.72,1730.73,1422.0000,65535.0000,3507.0000,2085.0000,0.0000,0.0000,0.0000,1.0000,1.0000E+00,1.0000E+00,
855,908.35,11008.98,1732.47,1437.0000,65535.0000,3457.0000,2020.0000,0.0000,0.0000,0.0000,1.0000,1.0000E+00,1.0000E+00,
856,908.49,11007.24,1734.21,1477.0000,65535.0000,3510.0000,2033.0000,0.0000,0.0000,0.0000,1.0000,1.0000E+00,1.0000E+00,
857,908.64,11005.50,1735.95,1414.0000,65535.0000,3485.0000,2071.0000,0.0000,0.0000,0.0000,1.0000,1.0000E+00,1.0000E+00,
858,908.78,11003.77,1737.68,1406.0000,65535.0000,3434.0000,2028.0000,0.0000,0.0000,0.0000,1.0000,1.0000E+00,1.0000E+00,
859,908.92,11002.03,1739.42,1427.0000,65535.0000,3431.0000,2004.0000,0.0000,0.0000,0.0000,1.0000,1.0000E+00,1.0000E+00,
860,909.07,11000.30,1741.15,1434.0000,65535.0000,3437.0000,2003.0000,0.0000,0.0000,0.0000,1.0000,1.0000E+00,1.0000E+00,
861,909.21,10998.56,1742.89,1420.0000,65535.0000,3500.0000,2080.0000,0.0000,0.0000,0.0000,1.0000,1.0000E+00,1.0000E+00,
862,909.35,10996.83,1744.62,1471.0000,65535.0000,3430.0000,1959.0000,0.0000,0.0000,0.0000,1.0000,1.0000E+00,1.0000E+00,
863,909.50,10995.09,1746.36,1439.0000,65535.0000,3409.0000,1970.0000,0.0000,0.0000,0.0000,1.0000,1.0000E+00,1.0000E+00,
864,909.64,10993.36,1748.09,1437.0000,65535.0000,3349.0000,1912.0000,0.0000,0.0000,0.0000,1.0000,1.0000E+00,1.0000E+00,
865,909.78,10991.63,1749.82,1423.0000,65535.0000,3397.0000,1974.0000,0.0000,0.0000,0.0000,1.0000,1.0000E+00,1.0000E+00,
866,909.93,10989.90,1751.55,1388.0000,65535.0000,3336.0000,1948.0000,0.0000,0.0000,0.0000,1.0000,1.0000E+00,1.0000E+00,
867,910.07,10988.17,1753.28,1426.0000,65535.0000,3437.0000,2011.0000,0.0000,0.0000,0.0000,1.0000,1.0000E+00,1.0000E+00,
868,910.21,10986.44,1755.01,1446.0000,65535.0000,3410.0000,1964.0000,0.0000,0.0000,0.0000,1.0000,1.0000E+00,1.0000E+00,
869,910.36,10984.71,1756.74,1420.0000,65535.0000,3354.0000,1934.0000,0.0000,0.0000,0.0000,1.0000,1.0000E+00,1.0000E+00,
870,910.50,10982.98,1758.47,1440.0000,65535.0000,3371.0000,1931.0000,0.0000,0.0000,0.0000,1.0000,1.0000E+00,1.0000E+00,
871,910.64,10981.25,1760.20,1453.0000,65535.0000,3360.0000,1907.0000,0.0000,0.0000,0.0000,1.0000,1.0000E+00,1.0000E+00,
872,910.79,10979.53,1761.92,1454.0000,65535.0000,3360.0000,1906.0000,0.0000,0.0000,0.0000,1.0000,1.0000E+00,1.0000E+00,
873,910.93,10977.80,1763.65,1411.0000,65535.0000,3382.0000,1971.0000,0.0000,0.0000,0.0000,1.0000,1.0000E+00,1.0000E+00,
874,911.07,10976.07,1765.38,1414.0000,65535.0000,3332.0000,1918.0000,0.0000,0.0000,0.0000,1.0000,1.0000E+00,1.0000E+00,
875,911.22,10974.35,1767.10,1435.0000,65535.0000,3379.0000,1944.0000,0.0000,0.0000,0.0000,1.0000,1.0000E+00,1.0000E+00,
876,911.36,10972.63,1768.82,1441.0000,65535.0000,3393.0000,1952.0000,0.0000,0.0000,0.0000,1.0000,1.0000E+00,1.0000E+00,
877,911.50,10970.90,1770.55,1406.0000,65535.0000,3393.0000,1987.0000,0.0000,0.0000,0.0000,1.0000,1.0000E+00,1.0000E+00,
878,911.65,10969.18,1772.27,1432.0000,65535.0000,3316.0000,1884.0000,0.0000,0.0000,0.0000,1.0000,1.0000E+00,1.0000E+00,
879,911.79,10967.46,1773.99,1424.0000,65535.0000,3290.0000,1866.0000,0.0000,0.0000,0.0000,1.0000,1.0000E+00,1.0000E+00,
880,911.93,10965.74,1775.71,1401.0000,65535.0000,3354.0000,1953.0000,0.0000,0.0000,0.0000,1.0000,1.0000E+00,1.0000E+00,
881,912.07,10964.02,1777.44,1506.0000,65535.0000,3400.0000,1894.0000,0.0000,0.0000,0.0000,1.0000,1.0000E+00,1.0000E+00,
882,912.22,10962.30,1779.16,1428.0000,65535.0000,3306.0000,1878.0000,0.0000,0.0000,0.0000,1.0000,1.0000E+00,1.0000E+00,
883,912.36,10960.58,1780.87,1417.0000,65535.0000,3313.0000,1896.0000,0.0000,0.0000,0.0000,1.0000,1.0000E+00,1.0000E+00,
884,912.50,10958.86,1782.59,1435.0000,65535.0000,3320.0000,1885.0000,0.0000,0.0000,0.0000,1.0000,1.0000E+00,1.0000E+00,
885,912.65,10957.14,1784.31,1441.0000,65535.0000,3271.0000,1830.0000,0.0000,0.0000,0.0000,1.0000,1.0000E+00,1.0000E+00,
886,912.79,10955.42,1786.03,1427.0000,65535.0000,3329.0000,1902.0000,0.0000,0.0000,0.0000,1.0000,1.0000E+00,1.0000E+00,
887,912.93,10953.71,1787.75,1409.0000,65535.0000,3270.0000,1861.0000,0.0000,0.0000,0.0000,1.0000,1.0000E+00,1.0000E+00,
888,913.08,10951.99,1789.46,1396.0000,65535.0000,3320.0000,1924.0000,0.0000,0.0000,0.0000,1.0000,1.0000E+00,1.0000E+00,
889,913.22,10950.27,1791.18,1413.0000,65535.0000,3340.0000,1927.0000,0.0000,0.0000,0.0000,1.0000,1.0000E+00,1.0000E+00,
890,913.36,10948.56,1792.89,1420.0000,65535.0000,3292.0000,1872.0000,0.0000,0.0000,0.0000,1.0000,1.0000E+00,1.0000E+00,
891,913.51,10946.85,1794.60,1406.0000,65535.0000,3322.0000,1916.0000,0.0000,0.0000,0.0000,1.0000,1.0000E+00,1.0000E+00,
892,913.65,10945.13,1796.32,1446.0000,65535.0000,3372.0000,1926.0000,0.0000,0.0000,0.0000,1.0000,1.0000E+00,1.0000E+00,
893,913.79,10943.42,1798.03,1444.0000,65535.0000,3289.0000,1845.0000,0.0000,0.0000,0.0000,1.0000,1.0000E+00,1.0000E+00,
894,913.93,10941.71,1799.74,1395.0000,65535.0000,3328.0000,1933.0000,0.0000,0.0000,0.0000,1.0000,1.0000E+00,1.0000E+00,
895,914.08,10940.00,1801.45,1408.0000,65535.0000,3241.0000,1833.0000,0.0000,0.0000,0.0000,1.0000,1.0000E+00,1.0000E+00,
896,914.22,10938.29,1803.16,1400.0000,65535.0000,3315.0000,1915.0000,0.0000,0.0000,0.0000,1.0000,1.0000E+00,1.0000E+00,
897,914.36,10936.58,1804.87,1414.0000,65535.0000,3269.0000,1855.0000,0.0000,0.0000,0.0000,1.0000,1.0000E+00,1.0000E+00,
898,914.51,10934.87,1806.58,1405.0000,65535.0000,3266.0000,1861.0000,0.0000,0.0000,0.0000,1.0000,1.0000E+00,1.0000E+00,
899,914.65,10933.16,1808.29,1381.0000,65535.0000,3266.0000,1885.0000,0.0000,0.0000,0.0000,1.0000,1.0000E+00,1.0000E+00,
900,914.79,10931.45,1810.00,1384.0000,65535.0000,3281.0000,1897.0000,0.0000,0.0000,0.0000,1.0000,1.0000E+00,1.0000E+00,
901,914.93,10929.75,1811.70,1408.0000,65535.0000,3236.0000,1828.0000,0.0000,0.0000,0.0000,1.0000,1.0000E+00,1.0000E+00,
902,915.08,10928.04,1813.41,1434.0000,65535.0000,3172.0000,1738.0000,0.0000,0.0000,0.0000,1.0000,1.0000E+00,1.0000E+00,
903,915.22,10926.33,1815.12,1398.0000,65535.0000,3247.0000,1849.0000,0.0000,0.0000,0.0000,1.0000,1.0000E+00,1.0000E+00,
904,915.36,10924.63,1816.82,1370.0000,65535.0000,3243.0000,1873.0000,0.0000,0.0000,0.0000,1.0000,1.0000E+00,1.0000E+00,
905,915.51,10922.93,1818.53,1421.0000,65535.0000,3283.0000,1862.0000,0.0000,0.0000,0.0000,1.0000,1.0000E+00,1.0000E+00,
906,915.65,10921.22,1820.23,1414.0000,65535.0000,3246.0000,1832.0000,0.0000,0.0000,0.0000,1.0000,1.0000E+00,1.0000E+00,
907,915.79,10919.52,1821.93,1409.0000,65535.0000,3205.0000,1796.0000,0.0000,0.0000,0.0000,1.0000,1.0000E+00,1.0000E+00,
908,915.93,10917.82,1823.63,1396.0000,65535.0000,3343.0000,1947.0000,0.0000,0.0000,0.0000,1.0000,1.0000E+00,1.0000E+00,
909,916.08,10916.12,1825.34,1444.0000,65535.0000,3239.0000,1795.0000,0.0000,0.0000,0.0000,1.0000,1.0000E+00,1.0000E+00,
910,916.22,10914.41,1827.04,1399.0000,65535.0000,3242.0000,1843.0000,0.0000,0.0000,0.0000,1.0000,1.0000E+00,1.0000E+00,
911,916.36,10912.71,1828.74,1428.0000,65535.0000,3214.0000,1786.0000,0.0000,0.0000,0.0000,1.0000,1.0000E+00,1.0000E+00,
912,916.51,10911.01,1830.44,1418.0000,65535.0000,3287.0000,1869.0000,0.0000,0.0000,0.0000,1.0000,1.0000E+00,1.0000E+00,
913,916.65,10909.32,1832.13,1419.0000,65535.0000,3194.0000,1775.0000,0.0000,0.0000,0.0000,1.0000,1.0000E+00,1.0000E+00,
914,916.79,10907.62,1833.83,1412.0000,65535.0000,3201.0000,1789.0000,0.0000,0.0000,0.0000,1.0000,1.0000E+00,1.0000E+00,
915,916.93,10905.92,1835.53,1414.0000,65535.0000,3151.0000,1737.0000,0.0000,0.0000,0.0000,1.0000,1.0000E+00,1.0000E+00,
916,917.08,10904.22,1837.23,1434.0000,65535.0000,3227.0000,1793.0000,0.0000,0.0000,0.0000,1.0000,1.0000E+00,1.0000E+00,
917,917.22,10902.53,1838.92,1425.0000,65535.0000,3202.0000,1777.0000,0.0000,0.0000,0.0000,1.0000,1.0000E+00,1.0000E+00,
918,917.36,10900.83,1840.62,1472.0000,65535.0000,3227.0000,1755.0000,0.0000,0.0000,0.0000,1.0000,1.0000E+00,1.0000E+00,
919,917.50,10899.14,1842.31,1416.0000,65535.0000,3096.0000,1680.0000,0.0000,0.0000,0.0000,1.0000,1.0000E+00,1.0000E+00,
920,917.65,10897.44,1844.01,1394.0000,65535.0000,3132.0000,1738.0000,0.0000,0.0000,0.0000,1.0000,1.0000E+00,1.0000E+00,
921,917.79,10895.75,1845.70,1476.0000,65535.0000,3165.0000,1689.0000,0.0000,0.0000,0.0000,1.0000,1.0000E+00,1.0000E+00,
922,917.93,10894.06,1847.39,1456.0000,65535.0000,3136.0000,1680.0000,0.0000,0.0000,0.0000,1.0000,1.0000E+00,1.0000E+00,
923,918.07,10892.37,1849.08,1436.0000,65535.0000,3125.0000,1689.0000,0.0000,0.0000,0.0000,1.0000,1.0000E+00,1.0000E+00,
924,918.22,10890.68,1850.78,1450.0000,65535.0000,3180.0000,1730.0000,0.0000,0.0000,0.0000,1.0000,1.0000E+00,1.0000E+00,
925,918.36,10888.98,1852.47,1405.0000,65535.0000,3135.0000,1730.0000,0.0000,0.0000,0.0000,1.0000,1.0000E+00,1.0000E+00,
926,918.50,10887.30,1854.16,1416.0000,65535.0000,3154.0000,1738.0000,0.0000,0.0000,0.0000,1.0000,1.0000E+00,1.0000E+00,
927,918.64,10885.61,1855.84,1385.0000,65535.0000,3137.0000,1752.0000,0.0000,0.0000,0.0000,1.0000,1.0000E+00,1.0000E+00,
928,918.79,10883.92,1857.53,1457.0000,65535.0000,3125.0000,1668.0000,0.0000,0.0000,0.0000,1.0000,1.0000E+00,1.0000E+00,
929,918.93,10882.23,1859.22,1416.0000,65535.0000,3179.0000,1763.0000,0.0000,0.0000,0.0000,1.0000,1.0000E+00,1.0000E+00,
930,919.07,10880.54,1860.91,1428.0000,65535.0000,3138.0000,1710.0000,0.0000,0.0000,0.0000,1.0000,1.0000E+00,1.0000E+00,
931,919.21,10878.86,1862.59,1430.0000,65535.0000,3141.0000,1711.0000,0.0000,0.0000,0.0000,1.0000,1.0000E+00,1.0000E+00,
932,919.36,10877.17,1864.28,1429.0000,65535.0000,3158.0000,1729.0000,0.0000,0.0000,0.0000,1.0000,1.0000E+00,1.0000E+00,
933,919.50,10875.48,1865.97,1419.0000,65535.0000,3125.0000,1706.0000,0.0000,0.0000,0.0000,1.0000,1.0000E+00,1.0000E+00,
934,919.64,10873.80,1867.65,1414.0000,65535.0000,3127.0000,1713.0000,0.0000,0.0000,0.0000,1.0000,1.0000E+00,1.0000E+00,
935,919.78,10872.12,1869.33,1423.0000,65535.0000,3154.0000,1731.0000,0.0000,0.0000,0.0000,1.0000,1.0000E+00,1.0000E+00,
936,919.93,10870.43,1871.02,1431.0000,65535.0000,3118.0000,1687.0000,0.0000,0.0000,0.0000,1.0000,1.0000E+00,1.0000E+00,
937,920.07,10868.75,1872.70,1431.0000,65535.0000,3102.0000,1671.0000,0.0000,0.0000,0.0000,1.0000,1.0000E+00,1.0000E+00,
938,920.21,10867.07,1874.38,1407.0000,65535.0000,3084.0000,1677.0000,0.0000,0.0000,0.0000,1.0000,1.0000E+00,1.0000E+00,
939,920.35,10865.39,1876.06,1381.0000,65535.0000,3101.0000,1720.0000,0.0000,0.0000,0.0000,1.0000,1.0000E+00,1.0000E+00,
940,920.50,10863.71,1877.74,1408.0000,65535.0000,3075.0000,1667.0000,0.0000,0.0000,0.0000,1.0000,1.0000E+00,1.0000E+00,
941,920.64,10862.03,1879.42,1389.0000,65535.0000,3130.0000,1741.0000,0.0000,0.0000,0.0000,1.0000,1.0000E+00,1.0000E+00,
942,920.78,10860.35,1881.10,1410.0000,65535.0000,3097.0000,1687.0000,0.0000,0.0000,0.0000,1.0000,1.0000E+00,1.0000E+00,
943,920.92,10858.67,1882.78,1398.0000,65535.0000,3104.0000,1706.0000,0.0000,0.0000,0.0000,1.0000,1.0000E+00,1.0000E+00,
944,921.07,10856.99,1884.46,1427.0000,65535.0000,3124.0000,1697.0000,0.0000,0.0000,0.0000,1.0000,1.0000E+00,1.0000E+00,
945,921.21,10855.32,1886.13,1445.0000,65535.0000,3100.0000,1655.0000,0.0000,0.0000,0.0000,1.0000,1.0000E+00,1.0000E+00,
946,921.35,10853.64,1887.81,1410.0000,65535.0000,3068.0000,1658.0000,0.0000,0.0000,0.0000,1.0000,1.0000E+00,1.0000E+00,
947,921.49,10851.96,1889.49,1431.0000,65535.0000,3084.0000,1653.0000,0.0000,0.0000,0.0000,1.0000,1.0000E+00,1.0000E+00,
948,921.63,10850.29,1891.16,1392.0000,65535.0000,3048.0000,1656.0000,0.0000,0.0000,0.0000,1.0000,1.0000E+00,1.0000E+00,
949,921.78,10848.61,1892.84,1425.0000,65535.0000,3127.0000,1702.0000,0.0000,0.0000,0.0000,1.0000,1.0000E+00,1.0000E+00,
950,921.92,10846.94,1894.51,1448.0000,65535.0000,3117.0000,1669.0000,0.0000,0.0000,0.0000,1.0000,1.0000E+00,1.0000E+00,
951,922.06,10845.27,1896.18,1438.0000,65535.0000,3070.0000,1632.0000,0.0000,0.0000,0.0000,1.0000,1.0000E+00,1.0000E+00,
952,922.20,10843.60,1897.85,1462.0000,65535.0000,3095.0000,1633.0000,0.0000,0.0000,0.0000,1.0000,1.0000E+00,1.0000E+00,
953,922.35,10841.92,1899.53,1418.0000,65535.0000,3115.0000,1697.0000,0.0000,0.0000,0.0000,1.0000,1.0000E+00,1.0000E+00,
954,922.49,10840.25,1901.20,1419.0000,65535.0000,3050.0000,1631.0000,0.0000,0.0000,0.0000,1.0000,1.0000E+00,1.0000E+00,
955,922.63,10838.58,1902.87,1396.0000,65535.0000,3126.0000,1730.0000,0.0000,0.0000,0.0000,1.0000,1.0000E+00,1.0000E+00,
956,922.77,10836.91,1904.54,1443.0000,65535.0000,3055.0000,1612.0000,0.0000,0.0000,0.0000,1.0000,1.0000E+00,1.0000E+00,
957,922.91,10835.24,1906.21,1405.0000,65535.0000,3053.0000,1648.0000,0.0000,0.0000,0.0000,1.0000,1.0000E+00,1.0000E+00,
958,923.06,10833.58,1907.87,1422.0000,65535.0000,3116.0000,1694.0000,0.0000,0.0000,0.0000,1.0000,1.0000E+00,1.0000E+00,
959,923.20,10831.91,1909.54,1407.0000,65535.0000,3053.0000,1646.0000,0.0000,0.0000,0.0000,1.0000,1.0000E+00,1.0000E+00,
960,923.34,10830.24,1911.21,1470.0000,65535.0000,3084.0000,1614.0000,0.0000,0.0000,0.0000,1.0000,1.0000E+00,1.0000E+00,
961,923.48,10828.57,1912.88,1447.0000,65535.0000,3044.0000,1597.0000,0.0000,0.0000,0.0000,1.0000,1.0000E+00,1.0000E+00,
962,923.62,10826.91,1914.54,1408.0000,65535.0000,3049.0000,1641.0000,0.0000,0.0000,0.0000,1.0000,1.0000E+00,1.0000E+00,
963,923.77,10825.24,1916.21,1414.0000,65535.0000,3037.0000,1623.0000,0.0000,0.0000,0.0000,1.0000,1.0000E+00,1.0000E+00,
964,923.91,10823.58,1917.87,1406.0000,65535.0000,3054.0000,1648.0000,0.0000,0.0000,0.0000,1.0000,1.0000E+00,1.0000E+00,
965,924.05,10821.92,1919.53,1424.0000,65535.0000,3037.0000,1613.0000,0.0000,0.0000,0.0000,1.0000,1.0000E+00,1.0000E+00,
966,924.19,10820.25,1921.20,1412.0000,65535.0000,3009.0000,1597.0000,0.0000,0.0000,0.0000,1.0000,1.0000E+00,1.0000E+00,
967,924.33,10818.59,1922.86,1435.0000,65535.0000,3101.0000,1666.0000,0.0000,0.0000,0.0000,1.0000,1.0000E+00,1.0000E+00,
968,924.48,10816.93,1924.52,1471.0000,65535.0000,3048.0000,1577.0000,0.0000,0.0000,0.0000,1.0000,1.0000E+00,1.0000E+00,
969,924.62,10815.27,1926.18,1422.0000,65535.0000,3066.0000,1644.0000,0.0000,0.0000,0.0000,1.0000,1.0000E+00,1.0000E+00,
970,924.76,10813.61,1927.84,1402.0000,65535.0000,3069.0000,1667.0000,0.0000,0.0000,0.0000,1.0000,1.0000E+00,1.0000E+00,
971,924.90,10811.95,1929.50,1455.0000,65535.0000,3057.0000,1602.0000,0.0000,0.0000,0.0000,1.0000,1.0000E+00,1.0000E+00,
972,925.04,10810.29,1931.16,1375.0000,65535.0000,3026.0000,1651.0000,0.0000,0.0000,0.0000,1.0000,1.0000E+00,1.0000E+00,
973,925.19,10808.63,1932.82,1426.0000,65535.0000,2991.0000,1565.0000,0.0000,0.0000,0.0000,1.0000,1.0000E+00,1.0000E+00,
974,925.33,10806.97,1934.48,1364.0000,65535.0000,2975.0000,1611.0000,0.0000,0.0000,0.0000,1.0000,1.0000E+00,1.0000E+00,
975,925.47,10805.32,1936.13,1417.0000,65535.0000,3014.0000,1597.0000,0.0000,0.0000,0.0000,1.0000,1.0000E+00,1.0000E+00,
976,925.61,10803.66,1937.79,1391.0000,65535.0000,3033.0000,1642.0000,0.0000,0.0000,0.0000,1.0000,1.0000E+00,1.0000E+00,
977,925.75,10802.00,1939.45,1431.0000,65535.0000,2990.0000,1559.0000,0.0000,0.0000,0.0000,1.0000,1.0000E+00,1.0000E+00,
978,925.90,10800.35,1941.10,1411.0000,65535.0000,2958.0000,1547.0000,0.0000,0.0000,0.0000,1.0000,1.0000E+00,1.0000E+00,
979,926.04,10798.69,1942.76,1423.0000,65535.0000,2979.0000,1556.0000,0.0000,0.0000,0.0000,1.0000,1.0000E+00,1.0000E+00,
980,926.18,10797.04,1944.41,1395.0000,65535.0000,3008.0000,1613.0000,0.0000,0.0000,0.0000,1.0000,1.0000E+00,1.0000E+00,
981,926.32,10795.39,1946.06,1428.0000,65535.0000,3012.0000,1584.0000,0.0000,0.0000,0.0000,1.0000,1.0000E+00,1.0000E+00,
982,926.46,10793.74,1947.72,1402.0000,65535.0000,2992.0000,1590.0000,0.0000,0.0000,0.0000,1.0000,1.0000E+00,1.0000E+00,
983,926.61,10792.08,1949.37,1426.0000,65535.0000,2924.0000,1498.0000,0.0000,0.0000,0.0000,1.0000,1.0000E+00,1.0000E+00,
984,926.75,10790.43,1951.02,1438.0000,65535.0000,3007.0000,1569.0000,0.0000,0.0000,0.0000,1.0000,1.0000E+00,1.0000E+00,
985,926.89,10788.78,1952.67,1421.0000,65535.0000,2952.0000,1531.0000,0.0000,0.0000,0.0000,1.0000,1.0000E+00,1.0000E+00,
986,927.03,10787.13,1954.32,1417.0000,65535.0000,2956.0000,1539.0000,0.0000,0.0000,0.0000,1.0000,1.0000E+00,1.0000E+00,
987,927.17,10785.48,1955.97,1425.0000,65535.0000,2896.0000,1471.0000,0.0000,0.0000,0.0000,1.0000,1.0000E+00,1.0000E+00,
988,927.31,10783.83,1957.62,1448.0000,65535.0000,2987.0000,1539.0000,0.0000,0.0000,0.0000,1.0000,1.0000E+00,1.0000E+00,
989,927.46,10782.19,1959.26,1432.0000,65535.0000,2983.0000,1551.0000,0.0000,0.0000,0.0000,1.0000,1.0000E+00,1.0000E+00,
990,927.60,10780.54,1960.91,1399.0000,65535.0000,2941.0000,1542.0000,0.0000,0.0000,0.0000,1.0000,1.0000E+00,1.0000E+00,
991,927.74,10778.89,1962.56,1404.0000,65535.0000,2925.0000,1521.0000,0.0000,0.0000,0.0000,1.0000,1.0000E+00,1.0000E+00,
992,927.88,10777.25,1964.20,1458.0000,65535.0000,2909.0000,1451.0000,0.0000,0.0000,0.0000,1.0000,1.0000E+00,1.0000E+00,
993,928.02,10775.60,1965.85,1430.0000,65535.0000,2936.0000,1506.0000,0.0000,0.0000,0.0000,1.0000,1.0000E+00,1.0000E+00,
994,928.16,10773.96,1967.49,1409.0000,65535.0000,2935.0000,1526.0000,0.0000,0.0000,0.0000,1.0000,1.0000E+00,1.0000E+00,
995,928.31,10772.31,1969.14,1429.0000,65535.0000,2898.0000,1469.0000,0.0000,0.0000,0.0000,1.0000,1.0000E+00,1.0000E+00,
996,928.45,10770.67,1970.78,1437.0000,65535.0000,2961.0000,1524.0000,0.0000,0.0000,0.0000,1.0000,1.0000E+00,1.0000E+00,
997,928.59,10769.03,1972.42,1419.0000,65535.0000,2977.0000,1558.0000,0.0000,0.0000,0.0000,1.0000,1.0000E+00,1.0000E+00,
998,928.73,10767.39,1974.06,1438.0000,65535.0000,2989.0000,1551.0000,0.0000,0.0000,0.0000,1.0000,1.0000E+00,1.0000E+00,
999,928.87,10765.75,1975.71,1424.0000,65535.0000,2876.0000,1452.0000,0.0000,0.0000,0.0000,1.0000,1.0000E+00,1.0000E+00,
1000,929.01,10764.10,1977.35,1425.0000,65535.0000,2883.0000,1458.0000,0.0000,0.0000,0.0000,1.0000,1.0000E+00,1.0000E+00,
1001,929.16,10762.46,1978.99,1404.0000,65535.0000,2934.0000,1530.0000,0.0000,0.0000,0.0000,1.0000,1.0000E+00,1.0000E+00,
1002,929.30,10760.83,1980.63,1419.0000,65535.0000,2886.0000,1467.0000,0.0000,0.0000,0.0000,1.0000,1.0000E+00,1.0000E+00,
1003,929.44,10759.19,1982.26,1450.0000,65535.0000,2924.0000,1474.0000,0.0000,0.0000,0.0000,1.0000,1.0000E+00,1.0000E+00,
1004,929.58,10757.55,1983.90,1445.0000,65535.0000,2881.0000,1436.0000,0.0000,0.0000,0.0000,1.0000,1.0000E+00,1.0000E+00,
1005,929.72,10755.91,1985.54,1392.0000,65535.0000,2898.0000,1506.0000,0.0000,0.0000,0.0000,1.0000,1.0000E+00,1.0000E+00,
1006,929.86,10754.27,1987.18,1419.0000,65535.0000,2903.0000,1484.0000,0.0000,0.0000,0.0000,1.0000,1.0000E+00,1.0000E+00,
1007,930.00,10752.64,1988.81,1415.0000,65535.0000,2880.0000,1465.0000,0.0000,0.0000,0.0000,1.0000,1.0000E+00,1.0000E+00,
1008,930.15,10751.00,1990.45,1428.0000,65535.0000,2917.0000,1489.0000,0.0000,0.0000,0.0000,1.0000,1.0000E+00,1.0000E+00,
1009,930.29,10749.37,1992.08,1454.0000,65535.0000,2930.0000,1476.0000,0.0000,0.0000,0.0000,1.0000,1.0000E+00,1.0000E+00,
1010,930.43,10747.73,1993.72,1402.0000,65535.0000,2886.0000,1484.0000,0.0000,0.0000,0.0000,1.0000,1.0000E+00,1.0000E+00,
1011,930.57,10746.10,1995.35,1424.0000,65535.0000,2892.0000,1468.0000,0.0000,0.0000,0.0000,1.0000,1.0000E+00,1.0000E+00,
1012,930.71,10744.47,1996.98,1445.0000,65535.0000,2893.0000,1448.0000,0.0000,0.0000,0.0000,1.0000,1.0000E+00,1.0000E+00,
1013,930.85,10742.84,1998.61,1446.0000,65535.0000,2949.0000,1503.0000,0.0000,0.0000,0.0000,1.0000,1.0000E+00,1.0000E+00,
1014,930.99,10741.21,2000.25,1405.0000,65535.0000,2905.0000,1500.0000,0.0000,0.0000,0.0000,1.0000,1.0000E+00,1.0000E+00,
1015,931.14,10739.57,2001.88,1404.0000,65535.0000,2874.0000,1470.0000,0.0000,0.0000,0.0000,1.0000,1.0000E+00,1.0000E+00,
1016,931.28,10737.94,2003.51,1379.0000,65535.0000,2860.0000,1481.0000,0.0000,0.0000,0.0000,1.0000,1.0000E+00,1.0000E+00,
1017,   ,   ,   ,1408.0000,65535.0000,2902.0000,1494.0000,0.0000,0.0000,0.0000,1.0000,1.0000E+00,1.0000E+00,
1018,   ,   ,   ,1416.0000,65535.0000,2860.0000,1444.0000,0.0000,0.0000,0.0000,1.0000,1.0000E+00,1.0000E+00,
1019,   ,   ,   ,1424.0000,65535.0000,2915.0000,1491.0000,0.0000,0.0000,0.0000,1.0000,1.0000E+00,1.0000E+00,
1020,   ,   ,   ,1478.0000,65535.0000,2889.0000,1411.0000,0.0000,0.0000,0.0000,1.0000,1.0000E+00,1.0000E+00,
1021,   ,   ,   ,1387.0000,65535.0000,2842.0000,1455.0000,0.0000,0.0000,0.0000,1.0000,1.0000E+00,1.0000E+00,
1022,   ,   ,   ,1447.0000,65535.0000,2864.0000,1417.0000,0.0000,0.0000,0.0000,1.0000,1.0000E+00,1.0000E+00,
1023,   ,   ,   ,1424.0000,65535.0000,2870.0000,1446.0000,0.0000,0.0000,0.0000,1.0000,1.0000E+00,1.0000E+00,
1024,   ,   ,   ,1413.0000,65535.0000,2839.0000,1426.0000,0.0000,0.0000,0.0000,1.0000,1.0000E+00,1.0000E+00,
1025,   ,   ,   ,1418.0000,65535.0000,2906.0000,1488.0000,0.0000,0.0000,0.0000,1.0000,1.0000E+00,1.0000E+00,
1026,   ,   ,   ,1883.0000,65535.0000,3283.0000,1400.0000,0.0000,0.0000,0.0000,1.0000,1.0000E+00,1.0000E+00,
1027,   ,   ,   ,1398.0000,65535.0000,2840.0000,1442.0000,0.0000,0.0000,0.0000,1.0000,1.0000E+00,1.0000E+00,
1028,   ,   ,   ,1394.0000,65535.0000,2884.0000,1490.0000,0.0000,0.0000,0.0000,1.0000,1.0000E+00,1.0000E+00,
1029,   ,   ,   ,1388.0000,65535.0000,2874.0000,1486.0000,0.0000,0.0000,0.0000,1.0000,1.0000E+00,1.0000E+00,
1030,   ,   ,   ,1445.0000,65535.0000,2817.0000,1372.0000,0.0000,0.0000,0.0000,1.0000,1.0000E+00,1.0000E+00,
1031,   ,   ,   ,1430.0000,65535.0000,2846.0000,1416.0000,0.0000,0.0000,0.0000,1.0000,1.0000E+00,1.0000E+00,
1032,   ,   ,   ,1453.0000,65535.0000,2849.0000,1396.0000,0.0000,0.0000,0.0000,1.0000,1.0000E+00,1.0000E+00,
1033,   ,   ,   ,1401.0000,65535.0000,2908.0000,1507.0000,0.0000,0.0000,0.0000,1.0000,1.0000E+00,1.0000E+00,
1034,   ,   ,   ,1394.0000,65535.0000,2843.0000,1449.0000,0.0000,0.0000,0.0000,1.0000,1.0000E+00,1.0000E+00,
1035,   ,   ,   ,1410.0000,65535.0000,2882.0000,1472.0000,0.0000,0.0000,0.0000,1.0000,1.0000E+00,1.0000E+00,
1036,   ,   ,   ,1397.0000,65535.0000,2888.0000,1491.0000,0.0000,0.0000,0.0000,1.0000,1.0000E+00,1.0000E+00,
1037,   ,   ,   ,1420.0000,65535.0000,2839.0000,1419.0000,0.0000,0.0000,0.0000,1.0000,1.0000E+00,1.0000E+00,
1038,   ,   ,   ,1431.0000,65535.0000,2891.0000,1460.0000,0.0000,0.0000,0.0000,1.0000,1.0000E+00,1.0000E+00,
1039,   ,   ,   ,1448.0000,65535.0000,2896.0000,1448.0000,0.0000,0.0000,0.0000,1.0000,1.0000E+00,1.0000E+00,
1040,   ,   ,   ,1426.0000,65535.0000,2922.0000,1496.0000,0.0000,0.0000,0.0000,1.0000,1.0000E+00,1.0000E+00,
1041,   ,   ,   ,1460.0000,65535.0000,2949.0000,1489.0000,0.0000,0.0000,0.0000,1.0000,1.0000E+00,1.0000E+00,
1042,   ,   ,   ,1424.0000,65535.0000,2878.0000,1454.0000,0.0000,0.0000,0.0000,1.0000,1.0000E+00,1.0000E+00,
1043,   ,   ,   ,1457.0000,65535.0000,2929.0000,1472.0000,0.0000,0.0000,0.0000,1.0000,1.0000E+00,1.0000E+00,
1044,   ,   ,   ,1426.0000,65535.0000,2914.0000,1488.0000,0.0000,0.0000,0.0000,1.0000,1.0000E+00,1.0000E+00,
1045,   ,   ,   ,1437.0000,65535.0000,2929.0000,1492.0000,0.0000,0.0000,0.0000,1.0000,1.0000E+00,1.0000E+00,
1046,   ,   ,   ,1412.0000,65535.0000,2909.0000,1497.0000,0.0000,0.0000,0.0000,1.0000,1.0000E+00,1.0000E+00,
1047,   ,   ,   ,1443.0000,65535.0000,2974.0000,1531.0000,0.0000,0.0000,0.0000,1.0000,1.0000E+00,1.0000E+00,
1048,   ,   ,   ,1385.0000,65535.0000,2930.0000,1545.0000,0.0000,0.0000,0.0000,1.0000,1.0000E+00,1.0000E+00,
1049,   ,   ,   ,1373.0000,65535.0000,2913.0000,1540.0000,0.0000,0.0000,0.0000,1.0000,1.0000E+00,1.0000E+00,
1050,   ,   ,   ,1422.0000,65535.0000,2922.0000,1500.0000,0.0000,0.0000,0.0000,1.0000,1.0000E+00,1.0000E+00,
1051,   ,   ,   ,1428.0000,65535.0000,2926.0000,1498.0000,0.0000,0.0000,0.0000,1.0000,1.0000E+00,1.0000E+00,
1052,   ,   ,   ,1473.0000,65535.0000,3010.0000,1537.0000,0.0000,0.0000,0.0000,1.0000,1.0000E+00,1.0000E+00,
1053,   ,   ,   ,1395.0000,65535.0000,2992.0000,1597.0000,0.0000,0.0000,0.0000,1.0000,1.0000E+00,1.0000E+00,
1054,   ,   ,   ,1393.0000,65535.0000,2960.0000,1567.0000,0.0000,0.0000,0.0000,1.0000,1.0000E+00,1.0000E+00,
1055,   ,   ,   ,1411.0000,65535.0000,2936.0000,1525.0000,0.0000,0.0000,0.0000,1.0000,1.0000E+00,1.0000E+00,
1056,   ,   ,   ,1461.0000,65535.0000,3026.0000,1565.0000,0.0000,0.0000,0.0000,1.0000,1.0000E+00,1.0000E+00,
1057,   ,   ,   ,1416.0000,65535.0000,3074.0000,1658.0000,0.0000,0.0000,0.0000,1.0000,1.0000E+00,1.0000E+00,
1058,   ,   ,   ,1417.0000,65535.0000,3062.0000,1645.0000,0.0000,0.0000,0.0000,1.0000,1.0000E+00,1.0000E+00,
1059,   ,   ,   ,1420.0000,65535.0000,2991.0000,1571.0000,0.0000,0.0000,0.0000,1.0000,1.0000E+00,1.0000E+00,
1060,   ,   ,   ,1419.0000,65535.0000,3086.0000,1667.0000,0.0000,0.0000,0.0000,1.0000,1.0000E+00,1.0000E+00,
1061,   ,   ,   ,1372.0000,65535.0000,3074.0000,1702.0000,0.0000,0.0000,0.0000,1.0000,1.0000E+00,1.0000E+00,
1062,   ,   ,   ,1422.0000,65535.0000,3128.0000,1706.0000,0.0000,0.0000,0.0000,1.0000,1.0000E+00,1.0000E+00,
1063,   ,   ,   ,1424.0000,65535.0000,3063.0000,1639.0000,0.0000,0.0000,0.0000,1.0000,1.0000E+00,1.0000E+00,
1064,   ,   ,   ,1405.0000,65535.0000,3117.0000,1712.0000,0.0000,0.0000,0.0000,1.0000,1.0000E+00,1.0000E+00,
1065,   ,   ,   ,1434.0000,65535.0000,3126.0000,1692.0000,0.0000,0.0000,0.0000,1.0000,1.0000E+00,1.0000E+00,
1066,   ,   ,   ,1421.0000,65535.0000,3128.0000,1707.0000,0.0000,0.0000,0.0000,1.0000,1.0000E+00,1.0000E+00,
1067,   ,   ,   ,1432.0000,65535.0000,3129.0000,1697.0000,0.0000,0.0000,0.0000,1.0000,1.0000E+00,1.0000E+00,
1068,   ,   ,   ,1422.0000,65535.0000,3182.0000,1760.0000,0.0000,0.0000,0.0000,1.0000,1.0000E+00,1.0000E+00,
1069,   ,   ,   ,1404.0000,65535.0000,3158.0000,1754.0000,0.0000,0.0000,0.0000,1.0000,1.0000E+00,1.0000E+00,
1070,   ,   ,   ,1418.0000,65535.0000,3164.0000,1746.0000,0.0000,0.0000,0.0000,1.0000,1.0000E+00,1.0000E+00,
1071,   ,   ,   ,1509.0000,65535.0000,3344.0000,1835.0000,0.0000,0.0000,0.0000,1.0000,1.0000E+00,1.0000E+00,
1072,   ,   ,   ,1405.0000,65535.0000,3249.0000,1844.0000,0.0000,0.0000,0.0000,1.0000,1.0000E+00,1.0000E+00,
1073,   ,   ,   ,1432.0000,65535.0000,3327.0000,1895.0000,0.0000,0.0000,0.0000,1.0000,1.0000E+00,1.0000E+00,
1074,   ,   ,   ,1413.0000,65535.0000,3310.0000,1897.0000,0.0000,0.0000,0.0000,1.0000,1.0000E+00,1.0000E+00,
1075,   ,   ,   ,1415.0000,65535.0000,3306.0000,1891.0000,0.0000,0.0000,0.0000,1.0000,1.0000E+00,1.0000E+00,
1076,   ,   ,   ,1397.0000,65535.0000,3413.0000,2016.0000,0.0000,0.0000,0.0000,1.0000,1.0000E+00,1.0000E+00,
1077,   ,   ,   ,1403.0000,65535.0000,3409.0000,2006.0000,0.0000,0.0000,0.0000,1.0000,1.0000E+00,1.0000E+00,
1078,   ,   ,   ,1454.0000,65535.0000,3483.0000,2029.0000,0.0000,0.0000,0.0000,1.0000,1.0000E+00,1.0000E+00,
1079,   ,   ,   ,1442.0000,65535.0000,3464.0000,2022.0000,0.0000,0.0000,0.0000,1.0000,1.0000E+00,1.0000E+00,
1080,   ,   ,   ,1430.0000,65535.0000,3516.0000,2086.0000,0.0000,0.0000,0.0000,1.0000,1.0000E+00,1.0000E+00,
1081,   ,   ,   ,1392.0000,65535.0000,3603.0000,2211.0000,0.0000,0.0000,0.0000,1.0000,1.0000E+00,1.0000E+00,
1082,   ,   ,   ,1414.0000,65535.0000,3557.0000,2143.0000,0.0000,0.0000,0.0000,1.0000,1.0000E+00,1.0000E+00,
1083,   ,   ,   ,1425.0000,65535.0000,3634.0000,2209.0000,0.0000,0.0000,0.0000,1.0000,1.0000E+00,1.0000E+00,
1084,   ,   ,   ,1423.0000,65535.0000,3606.0000,2183.0000,0.0000,0.0000,0.0000,1.0000,1.0000E+00,1.0000E+00,
1085,   ,   ,   ,1428.0000,65535.0000,3634.0000,2206.0000,0.0000,0.0000,0.0000,1.0000,1.0000E+00,1.0000E+00,
1086,   ,   ,   ,1435.0000,65535.0000,3542.0000,2107.0000,0.0000,0.0000,0.0000,1.0000,1.0000E+00,1.0000E+00,
1087,   ,   ,   ,1408.0000,65535.0000,3599.0000,2191.0000,0.0000,0.0000,0.0000,1.0000,1.0000E+00,1.0000E+00,
1088,   ,   ,   ,1430.0000,65535.0000,3573.0000,2143.0000,0.0000,0.0000,0.0000,1.0000,1.0000E+00,1.0000E+00,
1089,   ,   ,   ,1406.0000,65535.0000,3575.0000,2169.0000,0.0000,0.0000,0.0000,1.0000,1.0000E+00,1.0000E+00,
1090,   ,   ,   ,1436.0000,65535.0000,3512.0000,2076.0000,0.0000,0.0000,0.0000,1.0000,1.0000E+00,1.0000E+00,
1091,   ,   ,   ,1380.0000,65535.0000,3420.0000,2040.0000,0.0000,0.0000,0.0000,1.0000,1.0000E+00,1.0000E+00,
1092,   ,   ,   ,1454.0000,65535.0000,3343.0000,1889.0000,0.0000,0.0000,0.0000,1.0000,1.0000E+00,1.0000E+00,
1093,   ,   ,   ,1413.0000,65535.0000,3311.0000,1898.0000,0.0000,0.0000,0.0000,1.0000,1.0000E+00,1.0000E+00,
1094,   ,   ,   ,1430.0000,65535.0000,3222.0000,1792.0000,0.0000,0.0000,0.0000,1.0000,1.0000E+00,1.0000E+00,
1095,   ,   ,   ,1410.0000,65535.0000,3182.0000,1772.0000,0.0000,0.0000,0.0000,1.0000,1.0000E+00,1.0000E+00,
1096,   ,   ,   ,1453.0000,65535.0000,3107.0000,1654.0000,0.0000,0.0000,0.0000,1.0000,1.0000E+00,1.0000E+00,
1097,   ,   ,   ,1438.0000,65535.0000,3130.0000,1692.0000,0.0000,0.0000,0.0000,1.0000,1.0000E+00,1.0000E+00,
1098,   ,   ,   ,1416.0000,65535.0000,3002.0000,1586.0000,0.0000,0.0000,0.0000,1.0000,1.0000E+00,1.0000E+00,
1099,   ,   ,   ,1452.0000,65535.0000,2968.0000,1516.0000,0.0000,0.0000,0.0000,1.0000,1.0000E+00,1.0000E+00,
1100,   ,   ,   ,1416.0000,65535.0000,2989.0000,1573.0000,0.0000,0.0000,0.0000,1.0000,1.0000E+00,1.0000E+00,
1101,   ,   ,   ,1418.0000,65535.0000,2976.0000,1558.0000,0.0000,0.0000,0.0000,1.0000,1.0000E+00,1.0000E+00,
1102,   ,   ,   ,1423.0000,65535.0000,2886.0000,1463.0000,0.0000,0.0000,0.0000,1.0000,1.0000E+00,1.0000E+00,
1103,   ,   ,   ,1413.0000,65535.0000,2841.0000,1428.0000,0.0000,0.0000,0.0000,1.0000,1.0000E+00,1.0000E+00,
1104,   ,   ,   ,1439.0000,65535.0000,2874.0000,1435.0000,0.0000,0.0000,0.0000,1.0000,1.0000E+00,1.0000E+00,
1105,   ,   ,   ,1411.0000,65535.0000,2815.0000,1404.0000,0.0000,0.0000,0.0000,1.0000,1.0000E+00,1.0000E+00,
1106,   ,   ,   ,1434.0000,65535.0000,2762.0000,1328.0000,0.0000,0.0000,0.0000,1.0000,1.0000E+00,1.0000E+00,
1107,   ,   ,   ,1422.0000,65535.0000,2744.0000,1322.0000,0.0000,0.0000,0.0000,1.0000,1.0000E+00,1.0000E+00,
1108,   ,   ,   ,1411.0000,65535.0000,2762.0000,1351.0000,0.0000,0.0000,0.0000,1.0000,1.0000E+00,1.0000E+00,
1109,   ,   ,   ,1459.0000,65535.0000,2768.0000,1309.0000,0.0000,0.0000,0.0000,1.0000,1.0000E+00,1.0000E+00,
1110,   ,   ,   ,1381.0000,65535.0000,2677.0000,1296.0000,0.0000,0.0000,0.0000,1.0000,1.0000E+00,1.0000E+00,
1111,   ,   ,   ,1426.0000,65535.0000,2695.0000,1269.0000,0.0000,0.0000,0.0000,1.0000,1.0000E+00,1.0000E+00,
1112,   ,   ,   ,1434.0000,65535.0000,2638.0000,1204.0000,0.0000,0.0000,0.0000,1.0000,1.0000E+00,1.0000E+00,
1113,   ,   ,   ,1459.0000,65535.0000,2720.0000,1261.0000,0.0000,0.0000,0.0000,1.0000,1.0000E+00,1.0000E+00,
1114,   ,   ,   ,1441.0000,65535.0000,2671.0000,1230.0000,0.0000,0.0000,0.0000,1.0000,1.0000E+00,1.0000E+00,
1115,   ,   ,   ,1407.0000,65535.0000,2623.0000,1216.0000,0.0000,0.0000,0.0000,1.0000,1.0000E+00,1.0000E+00,
1116,   ,   ,   ,1416.0000,65535.0000,2600.0000,1184.0000,0.0000,0.0000,0.0000,1.0000,1.0000E+00,1.0000E+00,
1117,   ,   ,   ,1388.0000,65535.0000,2624.0000,1236.0000,0.0000,0.0000,0.0000,1.0000,1.0000E+00,1.0000E+00,
1118,   ,   ,   ,1443.0000,65535.0000,2665.0000,1222.0000,0.0000,0.0000,0.0000,1.0000,1.0000E+00,1.0000E+00,
1119,   ,   ,   ,1400.0000,65535.0000,2681.0000,1281.0000,0.0000,0.0000,0.0000,1.0000,1.0000E+00,1.0000E+00,
1120,   ,   ,   ,1436.0000,65535.0000,2654.0000,1218.0000,0.0000,0.0000,0.0000,1.0000,1.0000E+00,1.0000E+00,
1121,   ,   ,   ,1448.0000,65535.0000,2661.0000,1213.0000,0.0000,0.0000,0.0000,1.0000,1.0000E+00,1.0000E+00,
1122,   ,   ,   ,1419.0000,65535.0000,2596.0000,1177.0000,0.0000,0.0000,0.0000,1.0000,1.0000E+00,1.0000E+00,
1123,   ,   ,   ,1419.0000,65535.0000,2622.0000,1203.0000,0.0000,0.0000,0.0000,1.0000,1.0000E+00,1.0000E+00,
1124,   ,   ,   ,1418.0000,65535.0000,2587.0000,1169.0000,0.0000,0.0000,0.0000,1.0000,1.0000E+00,1.0000E+00,
1125,   ,   ,   ,1438.0000,65535.0000,2599.0000,1161.0000,0.0000,0.0000,0.0000,1.0000,1.0000E+00,1.0000E+00,
1126,   ,   ,   ,1421.0000,65535.0000,2599.0000,1178.0000,0.0000,0.0000,0.0000,1.0000,1.0000E+00,1.0000E+00,
1127,   ,   ,   ,1399.0000,65535.0000,2570.0000,1171.0000,0.0000,0.0000,0.0000,1.0000,1.0000E+00,1.0000E+00,
1128,   ,   ,   ,1447.0000,65535.0000,2617.0000,1170.0000,0.0000,0.0000,0.0000,1.0000,1.0000E+00,1.0000E+00,
1129,   ,   ,   ,1441.0000,65535.0000,2563.0000,1122.0000,0.0000,0.0000,0.0000,1.0000,1.0000E+00,1.0000E+00,
1130,   ,   ,   ,1403.0000,65535.0000,2563.0000,1160.0000,0.0000,0.0000,0.0000,1.0000,1.0000E+00,1.0000E+00,
1131,   ,   ,   ,1407.0000,65535.0000,2537.0000,1130.0000,0.0000,0.0000,0.0000,1.0000,1.0000E+00,1.0000E+00,
1132,   ,   ,   ,1382.0000,65535.0000,2589.0000,1207.0000,0.0000,0.0000,0.0000,1.0000,1.0000E+00,1.0000E+00,
1133,   ,   ,   ,1424.0000,65535.0000,2537.0000,1113.0000,0.0000,0.0000,0.0000,1.0000,1.0000E+00,1.0000E+00,
1134,   ,   ,   ,1425.0000,65535.0000,2540.0000,1115.0000,0.0000,0.0000,0.0000,1.0000,1.0000E+00,1.0000E+00,
1135,   ,   ,   ,1410.0000,65535.0000,2538.0000,1128.0000,0.0000,0.0000,0.0000,1.0000,1.0000E+00,1.0000E+00,
1136,   ,   ,   ,1403.0000,65535.0000,2537.0000,1134.0000,0.0000,0.0000,0.0000,1.0000,1.0000E+00,1.0000E+00,
1137,   ,   ,   ,1442.0000,65535.0000,2549.0000,1107.0000,0.0000,0.0000,0.0000,1.0000,1.0000E+00,1.0000E+00,
1138,   ,   ,   ,1374.0000,65535.0000,2501.0000,1127.0000,0.0000,0.0000,0.0000,1.0000,1.0000E+00,1.0000E+00,
1139,   ,   ,   ,1453.0000,65535.0000,2503.0000,1050.0000,0.0000,0.0000,0.0000,1.0000,1.0000E+00,1.0000E+00,
1140,   ,   ,   ,1406.0000,65535.0000,2511.0000,1105.0000,0.0000,0.0000,0.0000,1.0000,1.0000E+00,1.0000E+00,
1141,   ,   ,   ,1438.0000,65535.0000,2505.0000,1067.0000,0.0000,0.0000,0.0000,1.0000,1.0000E+00,1.0000E+00,
1142,   ,   ,   ,1413.0000,65535.0000,2556.0000,1143.0000,0.0000,0.0000,0.0000,1.0000,1.0000E+00,1.0000E+00,
1143,   ,   ,   ,1599.0000,65535.0000,2676.0000,1077.0000,0.0000,0.0000,0.0000,1.0000,1.0000E+00,1.0000E+00,
1144,   ,   ,   ,1422.0000,65535.0000,2517.0000,1095.0000,0.0000,0.0000,0.0000,1.0000,1.0000E+00,1.0000E+00,
1145,   ,   ,   ,1406.0000,65535.0000,2447.0000,1041.0000,0.0000,0.0000,0.0000,1.0000,1.0000E+00,1.0000E+00,
1146,   ,   ,   ,1405.0000,65535.0000,2514.0000,1109.0000,0.0000,0.0000,0.0000,1.0000,1.0000E+00,1.0000E+00,
1147,   ,   ,   ,1430.0000,65535.0000,2563.0000,1133.0000,0.0000,0.0000,0.0000,1.0000,1.0000E+00,1.0000E+00,
1148,   ,   ,   ,1473.0000,65535.0000,2579.0000,1106.0000,0.0000,0.0000,0.0000,1.0000,1.0000E+00,1.0000E+00,
1149,   ,   ,   ,1402.0000,65535.0000,2503.0000,1101.0000,0.0000,0.0000,0.0000,1.0000,1.0000E+00,1.0000E+00,
1150,   ,   ,   ,1376.0000,65535.0000,2424.0000,1048.0000,0.0000,0.0000,0.0000,1.0000,1.0000E+00,1.0000E+00,
1151,   ,   ,   ,1417.0000,65535.0000,2484.0000,1067.0000,0.0000,0.0000,0.0000,1.0000,1.0000E+00,1.0000E+00,
1152,   ,   ,   ,1413.0000,65535.0000,2526.0000,1113.0000,0.0000,0.0000,0.0000,1.0000,1.0000E+00,1.0000E+00,
1153,   ,   ,   ,1418.0000,65535.0000,2482.0000,1064.0000,0.0000,0.0000,0.0000,1.0000,1.0000E+00,1.0000E+00,
1154,   ,   ,   ,1434.0000,65535.0000,2492.0000,1058.0000,0.0000,0.0000,0.0000,1.0000,1.0000E+00,1.0000E+00,
1155,   ,   ,   ,1394.0000,65535.0000,2417.0000,1023.0000,0.0000,0.0000,0.0000,1.0000,1.0000E+00,1.0000E+00,
1156,   ,   ,   ,1411.0000,65535.0000,2514.0000,1103.0000,0.0000,0.0000,0.0000,1.0000,1.0000E+00,1.0000E+00,
1157,   ,   ,   ,1418.0000,65535.0000,2482.0000,1064.0000,0.0000,0.0000,0.0000,1.0000,1.0000E+00,1.0000E+00,
1158,   ,   ,   ,1427.0000,65535.0000,2486.0000,1059.0000,0.0000,0.0000,0.0000,1.0000,1.0000E+00,1.0000E+00,
1159,   ,   ,   ,1437.0000,65535.0000,2477.0000,1040.0000,0.0000,0.0000,0.0000,1.0000,1.0000E+00,1.0000E+00,
1160,   ,   ,   ,1425.0000,65535.0000,2465.0000,1040.0000,0.0000,0.0000,0.0000,1.0000,1.0000E+00,1.0000E+00,
1161,   ,   ,   ,1392.0000,65535.0000,2447.0000,1055.0000,0.0000,0.0000,0.0000,1.0000,1.0000E+00,1.0000E+00,
1162,   ,   ,   ,1411.0000,65535.0000,2455.0000,1044.0000,0.0000,0.0000,0.0000,1.0000,1.0000E+00,1.0000E+00,
1163,   ,   ,   ,1383.0000,65535.0000,2427.0000,1044.0000,0.0000,0.0000,0.0000,1.0000,1.0000E+00,1.0000E+00,
1164,   ,   ,   ,1397.0000,65535.0000,2470.0000,1073.0000,0.0000,0.0000,0.0000,1.0000,1.0000E+00,1.0000E+00,
1165,   ,   ,   ,1447.0000,65535.0000,2434.0000,987.0000,0.0000,0.0000,0.0000,1.0000,1.0000E+00,1.0000E+00,
1166,   ,   ,   ,1437.0000,65535.0000,2402.0000,965.0000,0.0000,0.0000,0.0000,1.0000,1.0000E+00,1.0000E+00,
1167,   ,   ,   ,1431.0000,65535.0000,2424.0000,993.0000,0.0000,0.0000,0.0000,1.0000,1.0000E+00,1.0000E+00,
1168,   ,   ,   ,1436.0000,65535.0000,2418.0000,982.0000,0.0000,0.0000,0.0000,1.0000,1.0000E+00,1.0000E+00,
1169,   ,   ,   ,1388.0000,65535.0000,2407.0000,1019.0000,0.0000,0.0000,0.0000,1.0000,1.0000E+00,1.0000E+00,
1170,   ,   ,   ,1441.0000,65535.0000,2429.0000,988.0000,0.0000,0.0000,0.0000,1.0000,1.0000E+00,1.0000E+00,
1171,   ,   ,   ,1396.0000,65535.0000,2420.0000,1024.0000,0.0000,0.0000,0.0000,1.0000,1.0000E+00,1.0000E+00,
1172,   ,   ,   ,1428.0000,65535.0000,2427.0000,999.0000,0.0000,0.0000,0.0000,1.0000,1.0000E+00,1.0000E+00,
1173,   ,   ,   ,1431.0000,65535.0000,2416.0000,985.0000,0.0000,0.0000,0.0000,1.0000,1.0000E+00,1.0000E+00,
1174,   ,   ,   ,1427.0000,65535.0000,2367.0000,940.0000,0.0000,0.0000,0.0000,1.0000,1.0000E+00,1.0000E+00,
1175,   ,   ,   ,1447.0000,65535.0000,2465.0000,1018.0000,0.0000,0.0000,0.0000,1.0000,1.0000E+00,1.0000E+00,
1176,   ,   ,   ,1442.0000,65535.0000,2420.0000,978.0000,0.0000,0.0000,0.0000,1.0000,1.0000E+00,1.0000E+00,
1177,   ,   ,   ,1393.0000,65535.0000,2395.0000,1002.0000,0.0000,0.0000,0.0000,1.0000,1.0000E+00,1.0000E+00,
1178,   ,   ,   ,1428.0000,65535.0000,2447.0000,1019.0000,0.0000,0.0000,0.0000,1.0000,1.0000E+00,1.0000E+00,
1179,   ,   ,   ,1447.0000,65535.0000,2370.0000,923.0000,0.0000,0.0000,0.0000,1.0000,1.0000E+00,1.0000E+00,
1180,   ,   ,   ,1463.0000,65535.0000,2411.0000,948.0000,0.0000,0.0000,0.0000,1.0000,1.0000E+00,1.0000E+00,
1181,   ,   ,   ,1422.0000,65535.0000,2432.0000,1010.0000,0.0000,0.0000,0.0000,1.0000,1.0000E+00,1.0000E+00,
1182,   ,   ,   ,1394.0000,65535.0000,2399.0000,1005.0000,0.0000,0.0000,0.0000,1.0000,1.0000E+00,1.0000E+00,
1183,   ,   ,   ,1423.0000,65535.0000,2381.0000,958.0000,0.0000,0.0000,0.0000,1.0000,1.0000E+00,1.0000E+00,
1184,   ,   ,   ,1442.0000,65535.0000,2380.0000,938.0000,0.0000,0.0000,0.0000,1.0000,1.0000E+00,1.0000E+00,
1185,   ,   ,   ,1380.0000,65535.0000,2375.0000,995.0000,0.0000,0.0000,0.0000,1.0000,1.0000E+00,1.0000E+00,
1186,   ,   ,   ,1425.0000,65535.0000,2374.0000,949.0000,0.0000,0.0000,0.0000,1.0000,1.0000E+00,1.0000E+00,
1187,   ,   ,   ,1395.0000,65535.0000,2378.0000,983.0000,0.0000,0.0000,0.0000,1.0000,1.0000E+00,1.0000E+00,
1188,   ,   ,   ,1435.0000,65535.0000,2359.0000,924.0000,0.0000,0.0000,0.0000,1.0000,1.0000E+00,1.0000E+00,
1189,   ,   ,   ,1437.0000,65535.0000,2368.0000,931.0000,0.0000,0.0000,0.0000,1.0000,1.0000E+00,1.0000E+00,
1190,   ,   ,   ,1432.0000,65535.0000,2402.0000,970.0000,0.0000,0.0000,0.0000,1.0000,1.0000E+00,1.0000E+00,
1191,   ,   ,   ,1428.0000,65535.0000,2407.0000,979.0000,0.0000,0.0000,0.0000,1.0000,1.0000E+00,1.0000E+00,
1192,   ,   ,   ,1447.0000,65535.0000,2384.0000,937.0000,0.0000,0.0000,0.0000,1.0000,1.0000E+00,1.0000E+00,
1193,   ,   ,   ,1423.0000,65535.0000,2367.0000,944.0000,0.0000,0.0000,0.0000,1.0000,1.0000E+00,1.0000E+00,
1194,   ,   ,   ,1439.0000,65535.0000,2382.0000,943.0000,0.0000,0.0000,0.0000,1.0000,1.0000E+00,1.0000E+00,
1195,   ,   ,   ,1416.0000,65535.0000,2332.0000,916.0000,0.0000,0.0000,0.0000,1.0000,1.0000E+00,1.0000E+00,
1196,   ,   ,   ,1432.0000,65535.0000,2385.0000,953.0000,0.0000,0.0000,0.0000,1.0000,1.0000E+00,1.0000E+00,
1197,   ,   ,   ,1434.0000,65535.0000,2388.0000,954.0000,0.0000,0.0000,0.0000,1.0000,1.0000E+00,1.0000E+00,
1198,   ,   ,   ,1416.0000,65535.0000,2335.0000,919.0000,0.0000,0.0000,0.0000,1.0000,1.0000E+00,1.0000E+00,
1199,   ,   ,   ,1417.0000,65535.0000,2431.0000,1014.0000,0.0000,0.0000,0.0000,1.0000,1.0000E+00,1.0000E+00,
1200,   ,   ,   ,1401.0000,65535.0000,2331.0000,930.0000,0.0000,0.0000,0.0000,1.0000,1.0000E+00,1.0000E+00,
1201,   ,   ,   ,1419.0000,65535.0000,2347.0000,928.0000,0.0000,0.0000,0.0000,1.0000,1.0000E+00,1.0000E+00,
1202,   ,   ,   ,1394.0000,65535.0000,2323.0000,929.0000,0.0000,0.0000,0.0000,1.0000,1.0000E+00,1.0000E+00,
1203,   ,   ,   ,1438.0000,65535.0000,2337.0000,899.0000,0.0000,0.0000,0.0000,1.0000,1.0000E+00,1.0000E+00,
1204,   ,   ,   ,1398.0000,65535.0000,2289.0000,891.0000,0.0000,0.0000,0.0000,1.0000,1.0000E+00,1.0000E+00,
1205,   ,   ,   ,1417.0000,65535.0000,2334.0000,917.0000,0.0000,0.0000,0.0000,1.0000,1.0000E+00,1.0000E+00,
1206,   ,   ,   ,1395.0000,65535.0000,2307.0000,912.0000,0.0000,0.0000,0.0000,1.0000,1.0000E+00,1.0000E+00,
1207,   ,   ,   ,1409.0000,65535.0000,2327.0000,918.0000,0.0000,0.0000,0.0000,1.0000,1.0000E+00,1.0000E+00,
1208,   ,   ,   ,1399.0000,65535.0000,2327.0000,928.0000,0.0000,0.0000,0.0000,1.0000,1.0000E+00,1.0000E+00,
1209,   ,   ,   ,1429.0000,65535.0000,2327.0000,898.0000,0.0000,0.0000,0.0000,1.0000,1.0000E+00,1.0000E+00,
1210,   ,   ,   ,1422.0000,65535.0000,2341.0000,919.0000,0.0000,0.0000,0.0000,1.0000,1.0000E+00,1.0000E+00,
1211,   ,   ,   ,1431.0000,65535.0000,2386.0000,955.0000,0.0000,0.0000,0.0000,1.0000,1.0000E+00,1.0000E+00,
1212,   ,   ,   ,1415.0000,65535.0000,2303.0000,888.0000,0.0000,0.0000,0.0000,1.0000,1.0000E+00,1.0000E+00,
1213,   ,   ,   ,1465.0000,65535.0000,2319.0000,854.0000,0.0000,0.0000,0.0000,1.0000,1.0000E+00,1.0000E+00,
1214,   ,   ,   ,1432.0000,65535.0000,2269.0000,837.0000,0.0000,0.0000,0.0000,1.0000,1.0000E+00,1.0000E+00,
1215,   ,   ,   ,1410.0000,65535.0000,2312.0000,902.0000,0.0000,0.0000,0.0000,1.0000,1.0000E+00,1.0000E+00,
1216,   ,   ,   ,1453.0000,65535.0000,2332.0000,879.0000,0.0000,0.0000,0.0000,1.0000,1.0000E+00,1.0000E+00,
1217,   ,   ,   ,1397.0000,65535.0000,2264.0000,867.0000,0.0000,0.0000,0.0000,1.0000,1.0000E+00,1.0000E+00,
1218,   ,   ,   ,1385.0000,65535.0000,2318.0000,933.0000,0.0000,0.0000,0.0000,1.0000,1.0000E+00,1.0000E+00,
1219,   ,   ,   ,1411.0000,65535.0000,2283.0000,872.0000,0.0000,0.0000,0.0000,1.0000,1.0000E+00,1.0000E+00,
1220,   ,   ,   ,1427.0000,65535.0000,2307.0000,880.0000,0.0000,0.0000,0.0000,1.0000,1.0000E+00,1.0000E+00,
1221,   ,   ,   ,1421.0000,65535.0000,2304.0000,883.0000,0.0000,0.0000,0.0000,1.0000,1.0000E+00,1.0000E+00,
1222,   ,   ,   ,1411.0000,65535.0000,2299.0000,888.0000,0.0000,0.0000,0.0000,1.0000,1.0000E+00,1.0000E+00,
1223,   ,   ,   ,1415.0000,65535.0000,2289.0000,874.0000,0.0000,0.0000,0.0000,1.0000,1.0000E+00,1.0000E+00,
1224,   ,   ,   ,1406.0000,65535.0000,2274.0000,868.0000,0.0000,0.0000,0.0000,1.0000,1.0000E+00,1.0000E+00,
1225,   ,   ,   ,1427.0000,65535.0000,2260.0000,833.0000,0.0000,0.0000,0.0000,1.0000,1.0000E+00,1.0000E+00,
1226,   ,   ,   ,1420.0000,65535.0000,2277.0000,857.0000,0.0000,0.0000,0.0000,1.0000,1.0000E+00,1.0000E+00,
1227,   ,   ,   ,1419.0000,65535.0000,2266.0000,847.0000,0.0000,0.0000,0.0000,1.0000,1.0000E+00,1.0000E+00,
1228,   ,   ,   ,1419.0000,65535.0000,2284.0000,865.0000,0.0000,0.0000,0.0000,1.0000,1.0000E+00,1.0000E+00,
1229,   ,   ,   ,1438.0000,65535.0000,2269.0000,831.0000,0.0000,0.0000,0.0000,1.0000,1.0000E+00,1.0000E+00,
1230,   ,   ,   ,1467.0000,65535.0000,2290.0000,823.0000,0.0000,0.0000,0.0000,1.0000,1.0000E+00,1.0000E+00,
1231,   ,   ,   ,1421.0000,65535.0000,2269.0000,848.0000,0.0000,0.0000,0.0000,1.0000,1.0000E+00,1.0000E+00,
1232,   ,   ,   ,1418.0000,65535.0000,2248.0000,830.0000,0.0000,0.0000,0.0000,1.0000,1.0000E+00,1.0000E+00,
1233,   ,   ,   ,1424.0000,65535.0000,2255.0000,831.0000,0.0000,0.0000,0.0000,1.0000,1.0000E+00,1.0000E+00,
1234,   ,   ,   ,1420.0000,65535.0000,2297.0000,877.0000,0.0000,0.0000,0.0000,1.0000,1.0000E+00,1.0000E+00,
1235,   ,   ,   ,1434.0000,65535.0000,2219.0000,785.0000,0.0000,0.0000,0.0000,1.0000,1.0000E+00,1.0000E+00,
1236,   ,   ,   ,1428.0000,65535.0000,2226.0000,798.0000,0.0000,0.0000,0.0000,1.0000,1.0000E+00,1.0000E+00,
1237,   ,   ,   ,1452.0000,65535.0000,2286.0000,834.0000,0.0000,0.0000,0.0000,1.0000,1.0000E+00,1.0000E+00,
1238,   ,   ,   ,1418.0000,65535.0000,2226.0000,808.0000,0.0000,0.0000,0.0000,1.0000,1.0000E+00,1.0000E+00,
1239,   ,   ,   ,1467.0000,65535.0000,2280.0000,813.0000,0.0000,0.0000,0.0000,1.0000,1.0000E+00,1.0000E+00,
1240,   ,   ,   ,1440.0000,65535.0000,2259.0000,819.0000,0.0000,0.0000,0.0000,1.0000,1.0000E+00,1.0000E+00,
1241,   ,   ,   ,1437.0000,65535.0000,2252.0000,815.0000,0.0000,0.0000,0.0000,1.0000,1.0000E+00,1.0000E+00,
1242,   ,   ,   ,1430.0000,65535.0000,2251.0000,821.0000,0.0000,0.0000,0.0000,1.0000,1.0000E+00,1.0000E+00,
1243,   ,   ,   ,1395.0000,65535.0000,2203.0000,808.0000,0.0000,0.0000,0.0000,1.0000,1.0000E+00,1.0000E+00,
1244,   ,   ,   ,1421.0000,65535.0000,2274.0000,853.0000,0.0000,0.0000,0.0000,1.0000,1.0000E+00,1.0000E+00,
1245,   ,   ,   ,1407.0000,65535.0000,2222.0000,815.0000,0.0000,0.0000,0.0000,1.0000,1.0000E+00,1.0000E+00,
1246,   ,   ,   ,1397.0000,65535.0000,2211.0000,814.0000,0.0000,0.0000,0.0000,1.0000,1.0000E+00,1.0000E+00,
1247,   ,   ,   ,1412.0000,65535.0000,2197.0000,785.0000,0.0000,0.0000,0.0000,1.0000,1.0000E+00,1.0000E+00,
1248,   ,   ,   ,1415.0000,65535.0000,2206.0000,791.0000,0.0000,0.0000,0.0000,1.0000,1.0000E+00,1.0000E+00,
1249,   ,   ,   ,1395.0000,65535.0000,2215.0000,820.0000,0.0000,0.0000,0.0000,1.0000,1.0000E+00,1.0000E+00,
1250,   ,   ,   ,1445.0000,65535.0000,2289.0000,844.0000,0.0000,0.0000,0.0000,1.0000,1.0000E+00,1.0000E+00,
1251,   ,   ,   ,1418.0000,65535.0000,2135.0000,717.0000,0.0000,0.0000,0.0000,1.0000,1.0000E+00,1.0000E+00,
1252,   ,   ,   ,1455.0000,65535.0000,2205.0000,750.0000,0.0000,0.0000,0.0000,1.0000,1.0000E+00,1.0000E+00,
1253,   ,   ,   ,1385.0000,65535.0000,2197.0000,812.0000,0.0000,0.0000,0.0000,1.0000,1.0000E+00,1.0000E+00,
1254,   ,   ,   ,1449.0000,65535.0000,2225.0000,776.0000,0.0000,0.0000,0.0000,1.0000,1.0000E+00,1.0000E+00,
1255,   ,   ,   ,1420.0000,65535.0000,2242.0000,822.0000,0.0000,0.0000,0.0000,1.0000,1.0000E+00,1.0000E+00,
1256,   ,   ,   ,1436.0000,65535.0000,2181.0000,745.0000,0.0000,0.0000,0.0000,1.0000,1.0000E+00,1.0000E+00,
1257,   ,   ,   ,1401.0000,65535.0000,2205.0000,804.0000,0.0000,0.0000,0.0000,1.0000,1.0000E+00,1.0000E+00,
1258,   ,   ,   ,1422.0000,65535.0000,2215.0000,793.0000,0.0000,0.0000,0.0000,1.0000,1.0000E+00,1.0000E+00,
1259,   ,   ,   ,1416.0000,65535.0000,2225.0000,809.0000,0.0000,0.0000,0.0000,1.0000,1.0000E+00,1.0000E+00,
1260,   ,   ,   ,1420.0000,65535.0000,2194.0000,774.0000,0.0000,0.0000,0.0000,1.0000,1.0000E+00,1.0000E+00,
1261,   ,   ,   ,1455.0000,65535.0000,2201.0000,746.0000,0.0000,0.0000,0.0000,1.0000,1.0000E+00,1.0000E+00,
1262,   ,   ,   ,1430.0000,65535.0000,2218.0000,788.0000,0.0000,0.0000,0.0000,1.0000,1.0000E+00,1.0000E+00,
1263,   ,   ,   ,1408.0000,65535.0000,2204.0000,796.0000,0.0000,0.0000,0.0000,1.0000,1.0000E+00,1.0000E+00,
1264,   ,   ,   ,1397.0000,65535.0000,2201.0000,804.0000,0.0000,0.0000,0.0000,1.0000,1.0000E+00,1.0000E+00,
1265,   ,   ,   ,1404.0000,65535.0000,2195.0000,791.0000,0.0000,0.0000,0.0000,1.0000,1.0000E+00,1.0000E+00,
1266,   ,   ,   ,1426.0000,65535.0000,2161.0000,735.0000,0.0000,0.0000,0.0000,1.0000,1.0000E+00,1.0000E+00,
1267,   ,   ,   ,1430.0000,65535.0000,2190.0000,760.0000,0.0000,0.0000,0.0000,1.0000,1.0000E+00,1.0000E+00,
1268,   ,   ,   ,1414.0000,65535.0000,2189.0000,775.0000,0.0000,0.0000,0.0000,1.0000,1.0000E+00,1.0000E+00,
1269,   ,   ,   ,1419.0000,65535.0000,2185.0000,766.0000,0.0000,0.0000,0.0000,1.0000,1.0000E+00,1.0000E+00,
1270,   ,   ,   ,1442.0000,65535.0000,2203.0000,761.0000,0.0000,0.0000,0.0000,1.0000,1.0000E+00,1.0000E+00,
1271,   ,   ,   ,1407.0000,65535.0000,2175.0000,768.0000,0.0000,0.0000,0.0000,1.0000,1.0000E+00,1.0000E+00,
1272,   ,   ,   ,1416.0000,65535.0000,2188.0000,772.0000,0.0000,0.0000,0.0000,1.0000,1.0000E+00,1.0000E+00,
1273,   ,   ,   ,1428.0000,65535.0000,2128.0000,700.0000,0.0000,0.0000,0.0000,1.0000,1.0000E+00,1.0000E+00,
1274,   ,   ,   ,1418.0000,65535.0000,2159.0000,741.0000,0.0000,0.0000,0.0000,1.0000,1.0000E+00,1.0000E+00,
1275,   ,   ,   ,1444.0000,65535.0000,2178.0000,734.0000,0.0000,0.0000,0.0000,1.0000,1.0000E+00,1.0000E+00,
1276,   ,   ,   ,1411.0000,65535.0000,2109.0000,698.0000,0.0000,0.0000,0.0000,1.0000,1.0000E+00,1.0000E+00,
1277,   ,   ,   ,1410.0000,65535.0000,2129.0000,719.0000,0.0000,0.0000,0.0000,1.0000,1.0000E+00,1.0000E+00,
1278,   ,   ,   ,1425.0000,65535.0000,2130.0000,705.0000,0.0000,0.0000,0.0000,1.0000,1.0000E+00,1.0000E+00,
1279,   ,   ,   ,1418.0000,65535.0000,2127.0000,709.0000,0.0000,0.0000,0.0000,1.0000,1.0000E+00,1.0000E+00,
1280,   ,   ,   ,1417.0000,65535.0000,2167.0000,750.0000,0.0000,0.0000,0.0000,1.0000,1.0000E+00,1.0000E+00,
1281,   ,   ,   ,1409.0000,65535.0000,2133.0000,724.0000,0.0000,0.0000,0.0000,1.0000,1.0000E+00,1.0000E+00,
1282,   ,   ,   ,1408.0000,65535.0000,2099.0000,691.0000,0.0000,0.0000,0.0000,1.0000,1.0000E+00,1.0000E+00,
1283,   ,   ,   ,1413.0000,65535.0000,2141.0000,728.0000,0.0000,0.0000,0.0000,1.0000,1.0000E+00,1.0000E+00,
1284,   ,   ,   ,1434.0000,65535.0000,2114.0000,680.0000,0.0000,0.0000,0.0000,1.0000,1.0000E+00,1.0000E+00,
1285,   ,   ,   ,1406.0000,65535.0000,2153.0000,747.0000,0.0000,0.0000,0.0000,1.0000,1.0000E+00,1.0000E+00,
1286,   ,   ,   ,1420.0000,65535.0000,2169.0000,749.0000,0.0000,0.0000,0.0000,1.0000,1.0000E+00,1.0000E+00,
1287,   ,   ,   ,1413.0000,65535.0000,2110.0000,697.0000,0.0000,0.0000,0.0000,1.0000,1.0000E+00,1.0000E+00,
1288,   ,   ,   ,1440.0000,65535.0000,2110.0000,670.0000,0.0000,0.0000,0.0000,1.0000,1.0000E+00,1.0000E+00,
1289,   ,   ,   ,1458.0000,65535.0000,2101.0000,643.0000,0.0000,0.0000,0.0000,1.0000,1.0000E+00,1.0000E+00,
1290,   ,   ,   ,1435.0000,65535.0000,2117.0000,682.0000,0.0000,0.0000,0.0000,1.0000,1.0000E+00,1.0000E+00,
1291,   ,   ,   ,1445.0000,65535.0000,2138.0000,693.0000,0.0000,0.0000,0.0000,1.0000,1.0000E+00,1.0000E+00,
1292,   ,   ,   ,1397.0000,65535.0000,2096.0000,699.0000,0.0000,0.0000,0.0000,1.0000,1.0000E+00,1.0000E+00,
1293,   ,   ,   ,1392.0000,65535.0000,2100.0000,708.0000,0.0000,0.0000,0.0000,1.0000,1.0000E+00,1.0000E+00,
1294,   ,   ,   ,1429.0000,65535.0000,2094.0000,665.0000,0.0000,0.0000,0.0000,1.0000,1.0000E+00,1.0000E+00,
1295,   ,   ,   ,1414.0000,65535.0000,2093.0000,679.0000,0.0000,0.0000,0.0000,1.0000,1.0000E+00,1.0000E+00,
1296,   ,   ,   ,1430.0000,65535.0000,2111.0000,681.0000,0.0000,0.0000,0.0000,1.0000,1.0000E+00,1.0000E+00,
1297,   ,   ,   ,1446.0000,65535.0000,2105.0000,659.0000,0.0000,0.0000,0.0000,1.0000,1.0000E+00,1.0000E+00,
1298,   ,   ,   ,1408.0000,65535.0000,2094.0000,686.0000,0.0000,0.0000,0.0000,1.0000,1.0000E+00,1.0000E+00,
1299,   ,   ,   ,1442.0000,65535.0000,2079.0000,637.0000,0.0000,0.0000,0.0000,1.0000,1.0000E+00,1.0000E+00,
1300,   ,   ,   ,1371.0000,65535.0000,2076.0000,705.0000,0.0000,0.0000,0.0000,1.0000,1.0000E+00,1.0000E+00,
1301,   ,   ,   ,1423.0000,65535.0000,2097.0000,674.0000,0.0000,0.0000,0.0000,1.0000,1.0000E+00,1.0000E+00,
1302,   ,   ,   ,1419.0000,65535.0000,2067.0000,648.0000,0.0000,0.0000,0.0000,1.0000,1.0000E+00,1.0000E+00,
1303,   ,   ,   ,1446.0000,65535.0000,2094.0000,648.0000,0.0000,0.0000,0.0000,1.0000,1.0000E+00,1.0000E+00,
1304,   ,   ,   ,1401.0000,65535.0000,2146.0000,745.0000,0.0000,0.0000,0.0000,1.0000,1.0000E+00,1.0000E+00,
1305,   ,   ,   ,1389.0000,65535.0000,2065.0000,676.0000,0.0000,0.0000,0.0000,1.0000,1.0000E+00,1.0000E+00,
1306,   ,   ,   ,1421.0000,65535.0000,2097.0000,676.0000,0.0000,0.0000,0.0000,1.0000,1.0000E+00,1.0000E+00,
1307,   ,   ,   ,1414.0000,65535.0000,2113.0000,699.0000,0.0000,0.0000,0.0000,1.0000,1.0000E+00,1.0000E+00,
1308,   ,   ,   ,1399.0000,65535.0000,2082.0000,683.0000,0.0000,0.0000,0.0000,1.0000,1.0000E+00,1.0000E+00,
1309,   ,   ,   ,1399.0000,65535.0000,2085.0000,686.0000,0.0000,0.0000,0.0000,1.0000,1.0000E+00,1.0000E+00,
1310,   ,   ,   ,1424.0000,65535.0000,2085.0000,661.0000,0.0000,0.0000,0.0000,1.0000,1.0000E+00,1.0000E+00,
1311,   ,   ,   ,1421.0000,65535.0000,2120.0000,699.0000,0.0000,0.0000,0.0000,1.0000,1.0000E+00,1.0000E+00,
1312,   ,   ,   ,1426.0000,65535.0000,2118.0000,692.0000,0.0000,0.0000,0.0000,1.0000,1.0000E+00,1.0000E+00,
1313,   ,   ,   ,1402.0000,65535.0000,2065.0000,663.0000,0.0000,0.0000,0.0000,1.0000,1.0000E+00,1.0000E+00,
1314,   ,   ,   ,1410.0000,65535.0000,2138.0000,728.0000,0.0000,0.0000,0.0000,1.0000,1.0000E+00,1.0000E+00,
1315,   ,   ,   ,1456.0000,65535.0000,2079.0000,623.0000,0.0000,0.0000,0.0000,1.0000,1.0000E+00,1.0000E+00,
1316,   ,   ,   ,1437.0000,65535.0000,2134.0000,697.0000,0.0000,0.0000,0.0000,1.0000,1.0000E+00,1.0000E+00,
1317,   ,   ,   ,1457.0000,65535.0000,2124.0000,667.0000,0.0000,0.0000,0.0000,1.0000,1.0000E+00,1.0000E+00,
1318,   ,   ,   ,1403.0000,65535.0000,2097.0000,694.0000,0.0000,0.0000,0.0000,1.0000,1.0000E+00,1.0000E+00,
1319,   ,   ,   ,1419.0000,65535.0000,2058.0000,639.0000,0.0000,0.0000,0.0000,1.0000,1.0000E+00,1.0000E+00,
1320,   ,   ,   ,1409.0000,65535.0000,2102.0000,693.0000,0.0000,0.0000,0.0000,1.0000,1.0000E+00,1.0000E+00,
1321,   ,   ,   ,1369.0000,65535.0000,2093.0000,724.0000,0.0000,0.0000,0.0000,1.0000,1.0000E+00,1.0000E+00,
1322,   ,   ,   ,1416.0000,65535.0000,2111.0000,695.0000,0.0000,0.0000,0.0000,1.0000,1.0000E+00,1.0000E+00,
1323,   ,   ,   ,1399.0000,65535.0000,2073.0000,674.0000,0.0000,0.0000,0.0000,1.0000,1.0000E+00,1.0000E+00,
1324,   ,   ,   ,1414.0000,65535.0000,2060.0000,646.0000,0.0000,0.0000,0.0000,1.0000,1.0000E+00,1.0000E+00,
1325,   ,   ,   ,1403.0000,65535.0000,2113.0000,710.0000,0.0000,0.0000,0.0000,1.0000,1.0000E+00,1.0000E+00,
1326,   ,   ,   ,1417.0000,65535.0000,2055.0000,638.0000,0.0000,0.0000,0.0000,1.0000,1.0000E+00,1.0000E+00,
1327,   ,   ,   ,1408.0000,65535.0000,2047.0000,639.0000,0.0000,0.0000,0.0000,1.0000,1.0000E+00,1.0000E+00,
1328,   ,   ,   ,1437.0000,65535.0000,2035.0000,598.0000,0.0000,0.0000,0.0000,1.0000,1.0000E+00,1.0000E+00,
1329,   ,   ,   ,1440.0000,65535.0000,2092.0000,652.0000,0.0000,0.0000,0.0000,1.0000,1.0000E+00,1.0000E+00,
1330,   ,   ,   ,1433.0000,65535.0000,2066.0000,633.0000,0.0000,0.0000,0.0000,1.0000,1.0000E+00,1.0000E+00,
1331,   ,   ,   ,1438.0000,65535.0000,2103.0000,665.0000,0.0000,0.0000,0.0000,1.0000,1.0000E+00,1.0000E+00,
1332,   ,   ,   ,1445.0000,65535.0000,2020.0000,575.0000,0.0000,0.0000,0.0000,1.0000,1.0000E+00,1.0000E+00,
1333,   ,   ,   ,1399.0000,65535.0000,2067.0000,668.0000,0.0000,0.0000,0.0000,1.0000,1.0000E+00,1.0000E+00,
1334,   ,   ,   ,1412.0000,65535.0000,2003.0000,591.0000,0.0000,0.0000,0.0000,1.0000,1.0000E+00,1.0000E+00,
1335,   ,   ,   ,1401.0000,65535.0000,2042.0000,641.0000,0.0000,0.0000,0.0000,1.0000,1.0000E+00,1.0000E+00,
1336,   ,   ,   ,1451.0000,65535.0000,2005.0000,554.0000,0.0000,0.0000,0.0000,1.0000,1.0000E+00,1.0000E+00,
1337,   ,   ,   ,1413.0000,65535.0000,2052.0000,639.0000,0.0000,0.0000,0.0000,1.0000,1.0000E+00,1.0000E+00,
1338,   ,   ,   ,1436.0000,65535.0000,2024.0000,588.0000,0.0000,0.0000,0.0000,1.0000,1.0000E+00,1.0000E+00,
1339,   ,   ,   ,1449.0000,65535.0000,2105.0000,656.0000,0.0000,0.0000,0.0000,1.0000,1.0000E+00,1.0000E+00,
1340,   ,   ,   ,1381.0000,65535.0000,2028.0000,647.0000,0.0000,0.0000,0.0000,1.0000,1.0000E+00,1.0000E+00,
1341,   ,   ,   ,1403.0000,65535.0000,2023.0000,620.0000,0.0000,0.0000,0.0000,1.0000,1.0000E+00,1.0000E+00,
1342,   ,   ,   ,1427.0000,65535.0000,2042.0000,615.0000,0.0000,0.0000,0.0000,1.0000,1.0000E+00,1.0000E+00,
1343,   ,   ,   ,1434.0000,65535.0000,2019.0000,585.0000,0.0000,0.0000,0.0000,1.0000,1.0000E+00,1.0000E+00,
1344,   ,   ,   ,1413.0000,65535.0000,2049.0000,636.0000,0.0000,0.0000,0.0000,1.0000,1.0000E+00,1.0000E+00,
1345,   ,   ,   ,1383.0000,65535.0000,2008.0000,625.0000,0.0000,0.0000,0.0000,1.0000,1.0000E+00,1.0000E+00,
1346,   ,   ,   ,1421.0000,65535.0000,1984.0000,563.0000,0.0000,0.0000,0.0000,1.0000,1.0000E+00,1.0000E+00,
1347,   ,   ,   ,1372.0000,65535.0000,1989.0000,617.0000,0.0000,0.0000,0.0000,1.0000,1.0000E+00,1.0000E+00,
1348,   ,   ,   ,1454.0000,65535.0000,1996.0000,542.0000,0.0000,0.0000,0.0000,1.0000,1.0000E+00,1.0000E+00,
1349,   ,   ,   ,1447.0000,65535.0000,2002.0000,555.0000,0.0000,0.0000,0.0000,1.0000,1.0000E+00,1.0000E+00,
1350,   ,   ,   ,1440.0000,65535.0000,1967.0000,527.0000,0.0000,0.0000,0.0000,1.0000,1.0000E+00,1.0000E+00,
1351,   ,   ,   ,1407.0000,65535.0000,1984.0000,577.0000,0.0000,0.0000,0.0000,1.0000,1.0000E+00,1.0000E+00,
1352,   ,   ,   ,1424.0000,65535.0000,1975.0000,551.0000,0.0000,0.0000,0.0000,1.0000,1.0000E+00,1.0000E+00,
1353,   ,   ,   ,1856.0000,65535.0000,2446.0000,590.0000,0.0000,0.0000,0.0000,1.0000,1.0000E+00,1.0000E+00,
1354,   ,   ,   ,1420.0000,65535.0000,2022.0000,602.0000,0.0000,0.0000,0.0000,1.0000,1.0000E+00,1.0000E+00,
1355,   ,   ,   ,1415.0000,65535.0000,2007.0000,592.0000,0.0000,0.0000,0.0000,1.0000,1.0000E+00,1.0000E+00,
1356,   ,   ,   ,1415.0000,65535.0000,1957.0000,542.0000,0.0000,0.0000,0.0000,1.0000,1.0000E+00,1.0000E+00,
1357,   ,   ,   ,1435.0000,65535.0000,2010.0000,575.0000,0.0000,0.0000,0.0000,1.0000,1.0000E+00,1.0000E+00,
1358,   ,   ,   ,1440.0000,65535.0000,1992.0000,552.0000,0.0000,0.0000,0.0000,1.0000,1.0000E+00,1.0000E+00,
1359,   ,   ,   ,1395.0000,65535.0000,1979.0000,584.0000,0.0000,0.0000,0.0000,1.0000,1.0000E+00,1.0000E+00,
1360,   ,   ,   ,1453.0000,65535.0000,2064.0000,611.0000,0.0000,0.0000,0.0000,1.0000,1.0000E+00,1.0000E+00,
1361,   ,   ,   ,1429.0000,65535.0000,1957.0000,528.0000,0.0000,0.0000,0.0000,1.0000,1.0000E+00,1.0000E+00,
1362,   ,   ,   ,1416.0000,65535.0000,1964.0000,548.0000,0.0000,0.0000,0.0000,1.0000,1.0000E+00,1.0000E+00,
1363,   ,   ,   ,1403.0000,65535.0000,2010.0000,607.0000,0.0000,0.0000,0.0000,1.0000,1.0000E+00,1.0000E+00,
1364,   ,   ,   ,1409.0000,65535.0000,1965.0000,556.0000,0.0000,0.0000,0.0000,1.0000,1.0000E+00,1.0000E+00,
1365,   ,   ,   ,1438.0000,65535.0000,1974.0000,536.0000,0.0000,0.0000,0.0000,1.0000,1.0000E+00,1.0000E+00,
1366,   ,   ,   ,1404.0000,65535.0000,2003.0000,599.0000,0.0000,0.0000,0.0000,1.0000,1.0000E+00,1.0000E+00,
1367,   ,   ,   ,1425.0000,65535.0000,1945.0000,520.0000,0.0000,0.0000,0.0000,1.0000,1.0000E+00,1.0000E+00,
1368,   ,   ,   ,1355.0000,65535.0000,1950.0000,595.0000,0.0000,0.0000,0.0000,1.0000,1.0000E+00,1.0000E+00,
1369,   ,   ,   ,1441.0000,65535.0000,1955.0000,514.0000,0.0000,0.0000,0.0000,1.0000,1.0000E+00,1.0000E+00,
1370,   ,   ,   ,1430.0000,65535.0000,1981.0000,551.0000,0.0000,0.0000,0.0000,1.0000,1.0000E+00,1.0000E+00,
1371,   ,   ,   ,1438.0000,65535.0000,1995.0000,557.0000,0.0000,0.0000,0.0000,1.0000,1.0000E+00,1.0000E+00,
1372,   ,   ,   ,1408.0000,65535.0000,1960.0000,552.0000,0.0000,0.0000,0.0000,1.0000,1.0000E+00,1.0000E+00,
1373,   ,   ,   ,1450.0000,65535.0000,1999.0000,549.0000,0.0000,0.0000,0.0000,1.0000,1.0000E+00,1.0000E+00,
1374,   ,   ,   ,1394.0000,65535.0000,1941.0000,547.0000,0.0000,0.0000,0.0000,1.0000,1.0000E+00,1.0000E+00,
1375,   ,   ,   ,1429.0000,65535.0000,1989.0000,560.0000,0.0000,0.0000,0.0000,1.0000,1.0000E+00,1.0000E+00,
1376,   ,   ,   ,1416.0000,65535.0000,1979.0000,563.0000,0.0000,0.0000,0.0000,1.0000,1.0000E+00,1.0000E+00,
1377,   ,   ,   ,1503.0000,65535.0000,2043.0000,540.0000,0.0000,0.0000,0.0000,1.0000,1.0000E+00,1.0000E+00,
1378,   ,   ,   ,1403.0000,65535.0000,2023.0000,620.0000,0.0000,0.0000,0.0000,1.0000,1.0000E+00,1.0000E+00,
1379,   ,   ,   ,1402.0000,65535.0000,1977.0000,575.0000,0.0000,0.0000,0.0000,1.0000,1.0000E+00,1.0000E+00,
1380,   ,   ,   ,1394.0000,65535.0000,2018.0000,624.0000,0.0000,0.0000,0.0000,1.0000,1.0000E+00,1.0000E+00,
1381,   ,   ,   ,1410.0000,65535.0000,1958.0000,548.0000,0.0000,0.0000,0.0000,1.0000,1.0000E+00,1.0000E+00,
1382,   ,   ,   ,1359.0000,65535.0000,1946.0000,587.0000,0.0000,0.0000,0.0000,1.0000,1.0000E+00,1.0000E+00,
1383,   ,   ,   ,1444.0000,65535.0000,1943.0000,499.0000,0.0000,0.0000,0.0000,1.0000,1.0000E+00,1.0000E+00,
1384,   ,   ,   ,1428.0000,65535.0000,2008.0000,580.0000,0.0000,0.0000,0.0000,1.0000,1.0000E+00,1.0000E+00,
1385,   ,   ,   ,1445.0000,65535.0000,1964.0000,519.0000,0.0000,0.0000,0.0000,1.0000,1.0000E+00,1.0000E+00,
1386,   ,   ,   ,1420.0000,65535.0000,1932.0000,512.0000,0.0000,0.0000,0.0000,1.0000,1.0000E+00,1.0000E+00,
1387,   ,   ,   ,1418.0000,65535.0000,1948.0000,530.0000,0.0000,0.0000,0.0000,1.0000,1.0000E+00,1.0000E+00,
1388,   ,   ,   ,1543.0000,65535.0000,2083.0000,540.0000,0.0000,0.0000,0.0000,1.0000,1.0000E+00,1.0000E+00,
1389,   ,   ,   ,1425.0000,65535.0000,1946.0000,521.0000,0.0000,0.0000,0.0000,1.0000,1.0000E+00,1.0000E+00,
1390,   ,   ,   ,1435.0000,65535.0000,1966.0000,531.0000,0.0000,0.0000,0.0000,1.0000,1.0000E+00,1.0000E+00,
1391,   ,   ,   ,1445.0000,65535.0000,1912.0000,467.0000,0.0000,0.0000,0.0000,1.0000,1.0000E+00,1.0000E+00,
1392,   ,   ,   ,1433.0000,65535.0000,1992.0000,559.0000,0.0000,0.0000,0.0000,1.0000,1.0000E+00,1.0000E+00,
1393,   ,   ,   ,1444.0000,65535.0000,1910.0000,466.0000,0.0000,0.0000,0.0000,1.0000,1.0000E+00,1.0000E+00,
1394,   ,   ,   ,1380.0000,65535.0000,1931.0000,551.0000,0.0000,0.0000,0.0000,1.0000,1.0000E+00,1.0000E+00,
1395,   ,   ,   ,1419.0000,65535.0000,1894.0000,475.0000,0.0000,0.0000,0.0000,1.0000,1.0000E+00,1.0000E+00,
1396,   ,   ,   ,1425.0000,65535.0000,1960.0000,535.0000,0.0000,0.0000,0.0000,1.0000,1.0000E+00,1.0000E+00,
1397,   ,   ,   ,1432.0000,65535.0000,1928.0000,496.0000,0.0000,0.0000,0.0000,1.0000,1.0000E+00,1.0000E+00,
1398,   ,   ,   ,1438.0000,65535.0000,1953.0000,515.0000,0.0000,0.0000,0.0000,1.0000,1.0000E+00,1.0000E+00,
1399,   ,   ,   ,1414.0000,65535.0000,1927.0000,513.0000,0.0000,0.0000,0.0000,1.0000,1.0000E+00,1.0000E+00,
1400,   ,   ,   ,1396.0000,65535.0000,1916.0000,520.0000,0.0000,0.0000,0.0000,1.0000,1.0000E+00,1.0000E+00,
1401,   ,   ,   ,1419.0000,65535.0000,1943.0000,524.0000,0.0000,0.0000,0.0000,1.0000,1.0000E+00,1.0000E+00,
1402,   ,   ,   ,1420.0000,65535.0000,1923.0000,503.0000,0.0000,0.0000,0.0000,1.0000,1.0000E+00,1.0000E+00,
1403,   ,   ,   ,1413.0000,65535.0000,1886.0000,473.0000,0.0000,0.0000,0.0000,1.0000,1.0000E+00,1.0000E+00,
1404,   ,   ,   ,1410.0000,65535.0000,1901.0000,491.0000,0.0000,0.0000,0.0000,1.0000,1.0000E+00,1.0000E+00,
1405,   ,   ,   ,1431.0000,65535.0000,1897.0000,466.0000,0.0000,0.0000,0.0000,1.0000,1.0000E+00,1.0000E+00,
1406,   ,   ,   ,1431.0000,65535.0000,1897.0000,466.0000,0.0000,0.0000,0.0000,1.0000,1.0000E+00,1.0000E+00,
1407,   ,   ,   ,1395.0000,65535.0000,1894.0000,499.0000,0.0000,0.0000,0.0000,1.0000,1.0000E+00,1.0000E+00,
1408,   ,   ,   ,1393.0000,65535.0000,1894.0000,501.0000,0.0000,0.0000,0.0000,1.0000,1.0000E+00,1.0000E+00,
1409,   ,   ,   ,1430.0000,65535.0000,1887.0000,457.0000,0.0000,0.0000,0.0000,1.0000,1.0000E+00,1.0000E+00,
1410,   ,   ,   ,1435.0000,65535.0000,1852.0000,417.0000,0.0000,0.0000,0.0000,1.0000,1.0000E+00,1.0000E+00,
1411,   ,   ,   ,1406.0000,65535.0000,1906.0000,500.0000,0.0000,0.0000,0.0000,1.0000,1.0000E+00,1.0000E+00,
1412,   ,   ,   ,1419.0000,65535.0000,1900.0000,481.0000,0.0000,0.0000,0.0000,1.0000,1.0000E+00,1.0000E+00,
1413,   ,   ,   ,1409.0000,65535.0000,1942.0000,533.0000,0.0000,0.0000,0.0000,1.0000,1.0000E+00,1.0000E+00,
1414,   ,   ,   ,1433.0000,65535.0000,1923.0000,490.0000,0.0000,0.0000,0.0000,1.0000,1.0000E+00,1.0000E+00,
1415,   ,   ,   ,1366.0000,65535.0000,1835.0000,469.0000,0.0000,0.0000,0.0000,1.0000,1.0000E+00,1.0000E+00,
1416,   ,   ,   ,1427.0000,65535.0000,1899.0000,472.0000,0.0000,0.0000,0.0000,1.0000,1.0000E+00,1.0000E+00,
1417,   ,   ,   ,1437.0000,65535.0000,1895.0000,458.0000,0.0000,0.0000,0.0000,1.0000,1.0000E+00,1.0000E+00,
1418,   ,   ,   ,1420.0000,65535.0000,1821.0000,401.0000,0.0000,0.0000,0.0000,1.0000,1.0000E+00,1.0000E+00,
1419,   ,   ,   ,1422.0000,65535.0000,1881.0000,459.0000,0.0000,0.0000,0.0000,1.0000,1.0000E+00,1.0000E+00,
1420,   ,   ,   ,1438.0000,65535.0000,1887.0000,449.0000,0.0000,0.0000,0.0000,1.0000,1.0000E+00,1.0000E+00,
1421,   ,   ,   ,1381.0000,65535.0000,1906.0000,525.0000,0.0000,0.0000,0.0000,1.0000,1.0000E+00,1.0000E+00,
1422,   ,   ,   ,1408.0000,65535.0000,1889.0000,481.0000,0.0000,0.0000,0.0000,1.0000,1.0000E+00,1.0000E+00,
1423,   ,   ,   ,1422.0000,65535.0000,1922.0000,500.0000,0.0000,0.0000,0.0000,1.0000,1.0000E+00,1.0000E+00,
1424,   ,   ,   ,1432.0000,65535.0000,1872.0000,440.0000,0.0000,0.0000,0.0000,1.0000,1.0000E+00,1.0000E+00,
1425,   ,   ,   ,1426.0000,65535.0000,1886.0000,460.0000,0.0000,0.0000,0.0000,1.0000,1.0000E+00,1.0000E+00,
1426,   ,   ,   ,1407.0000,65535.0000,1832.0000,425.0000,0.0000,0.0000,0.0000,1.0000,1.0000E+00,1.0000E+00,
1427,   ,   ,   ,1405.0000,65535.0000,1922.0000,517.0000,0.0000,0.0000,0.0000,1.0000,1.0000E+00,1.0000E+00,
1428,   ,   ,   ,1399.0000,65535.0000,1852.0000,453.0000,0.0000,0.0000,0.0000,1.0000,1.0000E+00,1.0000E+00,
1429,   ,   ,   ,1425.0000,65535.0000,1875.0000,450.0000,0.0000,0.0000,0.0000,1.0000,1.0000E+00,1.0000E+00,
1430,   ,   ,   ,1429.0000,65535.0000,1883.0000,454.0000,0.0000,0.0000,0.0000,1.0000,1.0000E+00,1.0000E+00,
1431,   ,   ,   ,1401.0000,65535.0000,1884.0000,483.0000,0.0000,0.0000,0.0000,1.0000,1.0000E+00,1.0000E+00,
1432,   ,   ,   ,1424.0000,65535.0000,1885.0000,461.0000,0.0000,0.0000,0.0000,1.0000,1.0000E+00,1.0000E+00,
1433,   ,   ,   ,1465.0000,65535.0000,1959.0000,494.0000,0.0000,0.0000,0.0000,1.0000,1.0000E+00,1.0000E+00,
1434,   ,   ,   ,1448.0000,65535.0000,1873.0000,425.0000,0.0000,0.0000,0.0000,1.0000,1.0000E+00,1.0000E+00,
1435,   ,   ,   ,1464.0000,65535.0000,1950.0000,486.0000,0.0000,0.0000,0.0000,1.0000,1.0000E+00,1.0000E+00,
1436,   ,   ,   ,1490.0000,65535.0000,1938.0000,448.0000,0.0000,0.0000,0.0000,1.0000,1.0000E+00,1.0000E+00,
1437,   ,   ,   ,1420.0000,65535.0000,1871.0000,451.0000,0.0000,0.0000,0.0000,1.0000,1.0000E+00,1.0000E+00,
1438,   ,   ,   ,1434.0000,65535.0000,1917.0000,483.0000,0.0000,0.0000,0.0000,1.0000,1.0000E+00,1.0000E+00,
1439,   ,   ,   ,1434.0000,65535.0000,1850.0000,416.0000,0.0000,0.0000,0.0000,1.0000,1.0000E+00,1.0000E+00,
1440,   ,   ,   ,1427.0000,65535.0000,1868.0000,441.0000,0.0000,0.0000,0.0000,1.0000,1.0000E+00,1.0000E+00,
1441,   ,   ,   ,1395.0000,65535.0000,1855.0000,460.0000,0.0000,0.0000,0.0000,1.0000,1.0000E+00,1.0000E+00,
1442,   ,   ,   ,1411.0000,65535.0000,1873.0000,462.0000,0.0000,0.0000,0.0000,1.0000,1.0000E+00,1.0000E+00,
1443,   ,   ,   ,1403.0000,65535.0000,1858.0000,455.0000,0.0000,0.0000,0.0000,1.0000,1.0000E+00,1.0000E+00,
1444,   ,   ,   ,1440.0000,65535.0000,1876.0000,436.0000,0.0000,0.0000,0.0000,1.0000,1.0000E+00,1.0000E+00,
1445,   ,   ,   ,1411.0000,65535.0000,1859.0000,448.0000,0.0000,0.0000,0.0000,1.0000,1.0000E+00,1.0000E+00,
1446,   ,   ,   ,1390.0000,65535.0000,1824.0000,434.0000,0.0000,0.0000,0.0000,1.0000,1.0000E+00,1.0000E+00,
1447,   ,   ,   ,1409.0000,65535.0000,1855.0000,446.0000,0.0000,0.0000,0.0000,1.0000,1.0000E+00,1.0000E+00,
1448,   ,   ,   ,1432.0000,65535.0000,1843.0000,411.0000,0.0000,0.0000,0.0000,1.0000,1.0000E+00,1.0000E+00,
1449,   ,   ,   ,1444.0000,65535.0000,1883.0000,439.0000,0.0000,0.0000,0.0000,1.0000,1.0000E+00,1.0000E+00,
1450,   ,   ,   ,1413.0000,65535.0000,1806.0000,393.0000,0.0000,0.0000,0.0000,1.0000,1.0000E+00,1.0000E+00,
1451,   ,   ,   ,1415.0000,65535.0000,1852.0000,437.0000,0.0000,0.0000,0.0000,1.0000,1.0000E+00,1.0000E+00,
1452,   ,   ,   ,1462.0000,65535.0000,1834.0000,372.0000,0.0000,0.0000,0.0000,1.0000,1.0000E+00,1.0000E+00,
1453,   ,   ,   ,1447.0000,65535.0000,1873.0000,426.0000,0.0000,0.0000,0.0000,1.0000,1.0000E+00,1.0000E+00,
1454,   ,   ,   ,1475.0000,65535.0000,1891.0000,416.0000,0.0000,0.0000,0.0000,1.0000,1.0000E+00,1.0000E+00,
1455,   ,   ,   ,1416.0000,65535.0000,1825.0000,409.0000,0.0000,0.0000,0.0000,1.0000,1.0000E+00,1.0000E+00,
1456,   ,   ,   ,1392.0000,65535.0000,1812.0000,420.0000,0.0000,0.0000,0.0000,1.0000,1.0000E+00,1.0000E+00,
1457,   ,   ,   ,1422.0000,65535.0000,1828.0000,406.0000,0.0000,0.0000,0.0000,1.0000,1.0000E+00,1.0000E+00,
1458,   ,   ,   ,1417.0000,65535.0000,1850.0000,433.0000,0.0000,0.0000,0.0000,1.0000,1.0000E+00,1.0000E+00,
1459,   ,   ,   ,1441.0000,65535.0000,1834.0000,393.0000,0.0000,0.0000,0.0000,1.0000,1.0000E+00,1.0000E+00,
1460,   ,   ,   ,1451.0000,65535.0000,1869.0000,418.0000,0.0000,0.0000,0.0000,1.0000,1.0000E+00,1.0000E+00,
1461,   ,   ,   ,1427.0000,65535.0000,1843.0000,416.0000,0.0000,0.0000,0.0000,1.0000,1.0000E+00,1.0000E+00,
1462,   ,   ,   ,1406.0000,65535.0000,1818.0000,412.0000,0.0000,0.0000,0.0000,1.0000,1.0000E+00,1.0000E+00,
1463,   ,   ,   ,1405.0000,65535.0000,1794.0000,389.0000,0.0000,0.0000,0.0000,1.0000,1.0000E+00,1.0000E+00,
1464,   ,   ,   ,1400.0000,65535.0000,1820.0000,420.0000,0.0000,0.0000,0.0000,1.0000,1.0000E+00,1.0000E+00,
1465,   ,   ,   ,1426.0000,65535.0000,1803.0000,377.0000,0.0000,0.0000,0.0000,1.0000,1.0000E+00,1.0000E+00,
1466,   ,   ,   ,1459.0000,65535.0000,1859.0000,400.0000,0.0000,0.0000,0.0000,1.0000,1.0000E+00,1.0000E+00,
1467,   ,   ,   ,1472.0000,65535.0000,1821.0000,349.0000,0.0000,0.0000,0.0000,1.0000,1.0000E+00,1.0000E+00,
1468,   ,   ,   ,1397.0000,65535.0000,1845.0000,448.0000,0.0000,0.0000,0.0000,1.0000,1.0000E+00,1.0000E+00,
1469,   ,   ,   ,1395.0000,65535.0000,1759.0000,364.0000,0.0000,0.0000,0.0000,1.0000,1.0000E+00,1.0000E+00,
1470,   ,   ,   ,1430.0000,65535.0000,1859.0000,429.0000,0.0000,0.0000,0.0000,1.0000,1.0000E+00,1.0000E+00,
1471,   ,   ,   ,1420.0000,65535.0000,1789.0000,369.0000,0.0000,0.0000,0.0000,1.0000,1.0000E+00,1.0000E+00,
1472,   ,   ,   ,1421.0000,65535.0000,1779.0000,358.0000,0.0000,0.0000,0.0000,1.0000,1.0000E+00,1.0000E+00,
1473,   ,   ,   ,1420.0000,65535.0000,1809.0000,389.0000,0.0000,0.0000,0.0000,1.0000,1.0000E+00,1.0000E+00,
1474,   ,   ,   ,1409.0000,65535.0000,1766.0000,357.0000,0.0000,0.0000,0.0000,1.0000,1.0000E+00,1.0000E+00,
1475,   ,   ,   ,1413.0000,65535.0000,1814.0000,401.0000,0.0000,0.0000,0.0000,1.0000,1.0000E+00,1.0000E+00,
1476,   ,   ,   ,1408.0000,65535.0000,1792.0000,384.0000,0.0000,0.0000,0.0000,1.0000,1.0000E+00,1.0000E+00,
1477,   ,   ,   ,1411.0000,65535.0000,1775.0000,364.0000,0.0000,0.0000,0.0000,1.0000,1.0000E+00,1.0000E+00,
1478,   ,   ,   ,1407.0000,65535.0000,1770.0000,363.0000,0.0000,0.0000,0.0000,1.0000,1.0000E+00,1.0000E+00,
1479,   ,   ,   ,1421.0000,65535.0000,1782.0000,361.0000,0.0000,0.0000,0.0000,1.0000,1.0000E+00,1.0000E+00,
1480,   ,   ,   ,1468.0000,65535.0000,1862.0000,394.0000,0.0000,0.0000,0.0000,1.0000,1.0000E+00,1.0000E+00,
1481,   ,   ,   ,1427.0000,65535.0000,1779.0000,352.0000,0.0000,0.0000,0.0000,1.0000,1.0000E+00,1.0000E+00,
1482,   ,   ,   ,1401.0000,65535.0000,1793.0000,392.0000,0.0000,0.0000,0.0000,1.0000,1.0000E+00,1.0000E+00,
1483,   ,   ,   ,1403.0000,65535.0000,1783.0000,380.0000,0.0000,0.0000,0.0000,1.0000,1.0000E+00,1.0000E+00,
1484,   ,   ,   ,1402.0000,65535.0000,1783.0000,381.0000,0.0000,0.0000,0.0000,1.0000,1.0000E+00,1.0000E+00,
1485,   ,   ,   ,1416.0000,65535.0000,1779.0000,363.0000,0.0000,0.0000,0.0000,1.0000,1.0000E+00,1.0000E+00,
1486,   ,   ,   ,1425.0000,65535.0000,1803.0000,378.0000,0.0000,0.0000,0.0000,1.0000,1.0000E+00,1.0000E+00,
1487,   ,   ,   ,1408.0000,65535.0000,1774.0000,366.0000,0.0000,0.0000,0.0000,1.0000,1.0000E+00,1.0000E+00,
1488,   ,   ,   ,1445.0000,65535.0000,1813.0000,368.0000,0.0000,0.0000,0.0000,1.0000,1.0000E+00,1.0000E+00,
1489,   ,   ,   ,1406.0000,65535.0000,1822.0000,416.0000,0.0000,0.0000,0.0000,1.0000,1.0000E+00,1.0000E+00,
1490,   ,   ,   ,1378.0000,65535.0000,1732.0000,354.0000,0.0000,0.0000,0.0000,1.0000,1.0000E+00,1.0000E+00,
1491,   ,   ,   ,1415.0000,65535.0000,1767.0000,352.0000,0.0000,0.0000,0.0000,1.0000,1.0000E+00,1.0000E+00,
1492,   ,   ,   ,1409.0000,65535.0000,1766.0000,357.0000,0.0000,0.0000,0.0000,1.0000,1.0000E+00,1.0000E+00,
1493,   ,   ,   ,1434.0000,65535.0000,1790.0000,356.0000,0.0000,0.0000,0.0000,1.0000,1.0000E+00,1.0000E+00,
1494,   ,   ,   ,1432.0000,65535.0000,1774.0000,342.0000,0.0000,0.0000,0.0000,1.0000,1.0000E+00,1.0000E+00,
1495,   ,   ,   ,1384.0000,65535.0000,1753.0000,369.0000,0.0000,0.0000,0.0000,1.0000,1.0000E+00,1.0000E+00,
1496,   ,   ,   ,1389.0000,65535.0000,1789.0000,400.0000,0.0000,0.0000,0.0000,1.0000,1.0000E+00,1.0000E+00,
1497,   ,   ,   ,1404.0000,65535.0000,1805.0000,401.0000,0.0000,0.0000,0.0000,1.0000,1.0000E+00,1.0000E+00,
1498,   ,   ,   ,1442.0000,65535.0000,1833.0000,391.0000,0.0000,0.0000,0.0000,1.0000,1.0000E+00,1.0000E+00,
1499,   ,   ,   ,1413.0000,65535.0000,1775.0000,362.0000,0.0000,0.0000,0.0000,1.0000,1.0000E+00,1.0000E+00,
1500,   ,   ,   ,1440.0000,65535.0000,1733.0000,293.0000,0.0000,0.0000,0.0000,1.0000,1.0000E+00,1.0000E+00,
1501,   ,   ,   ,1422.0000,65535.0000,1805.0000,383.0000,0.0000,0.0000,0.0000,1.0000,1.0000E+00,1.0000E+00,
1502,   ,   ,   ,1406.0000,65535.0000,1800.0000,394.0000,0.0000,0.0000,0.0000,1.0000,1.0000E+00,1.0000E+00,
1503,   ,   ,   ,1394.0000,65535.0000,1770.0000,376.0000,0.0000,0.0000,0.0000,1.0000,1.0000E+00,1.0000E+00,
1504,   ,   ,   ,1420.0000,65535.0000,1775.0000,355.0000,0.0000,0.0000,0.0000,1.0000,1.0000E+00,1.0000E+00,
1505,   ,   ,   ,1414.0000,65535.0000,1811.0000,397.0000,0.0000,0.0000,0.0000,1.0000,1.0000E+00,1.0000E+00,
1506,   ,   ,   ,1412.0000,65535.0000,1805.0000,393.0000,0.0000,0.0000,0.0000,1.0000,1.0000E+00,1.0000E+00,
1507,   ,   ,   ,1396.0000,65535.0000,1760.0000,364.0000,0.0000,0.0000,0.0000,1.0000,1.0000E+00,1.0000E+00,
1508,   ,   ,   ,1638.0000,65535.0000,2009.0000,371.0000,0.0000,0.0000,0.0000,1.0000,1.0000E+00,1.0000E+00,
1509,   ,   ,   ,1413.0000,65535.0000,1800.0000,387.0000,0.0000,0.0000,0.0000,1.0000,1.0000E+00,1.0000E+00,
1510,   ,   ,   ,1426.0000,65535.0000,1755.0000,329.0000,0.0000,0.0000,0.0000,1.0000,1.0000E+00,1.0000E+00,
1511,   ,   ,   ,1399.0000,65535.0000,1766.0000,367.0000,0.0000,0.0000,0.0000,1.0000,1.0000E+00,1.0000E+00,
1512,   ,   ,   ,1449.0000,65535.0000,1768.0000,319.0000,0.0000,0.0000,0.0000,1.0000,1.0000E+00,1.0000E+00,
1513,   ,   ,   ,1429.0000,65535.0000,1786.0000,357.0000,0.0000,0.0000,0.0000,1.0000,1.0000E+00,1.0000E+00,
1514,   ,   ,   ,1426.0000,65535.0000,1781.0000,355.0000,0.0000,0.0000,0.0000,1.0000,1.0000E+00,1.0000E+00,
1515,   ,   ,   ,1419.0000,65535.0000,1817.0000,398.0000,0.0000,0.0000,0.0000,1.0000,1.0000E+00,1.0000E+00,
1516,   ,   ,   ,1402.0000,65535.0000,1745.0000,343.0000,0.0000,0.0000,0.0000,1.0000,1.0000E+00,1.0000E+00,
1517,   ,   ,   ,1437.0000,65535.0000,1758.0000,321.0000,0.0000,0.0000,0.0000,1.0000,1.0000E+00,1.0000E+00,
1518,   ,   ,   ,1402.0000,65535.0000,1753.0000,351.0000,0.0000,0.0000,0.0000,1.0000,1.0000E+00,1.0000E+00,
1519,   ,   ,   ,1517.0000,65535.0000,1883.0000,366.0000,0.0000,0.0000,0.0000,1.0000,1.0000E+00,1.0000E+00,
1520,   ,   ,   ,1445.0000,65535.0000,1754.0000,309.0000,0.0000,0.0000,0.0000,1.0000,1.0000E+00,1.0000E+00,
1521,   ,   ,   ,1437.0000,65535.0000,1788.0000,351.0000,0.0000,0.0000,0.0000,1.0000,1.0000E+00,1.0000E+00,
1522,   ,   ,   ,1407.0000,65535.0000,1748.0000,341.0000,0.0000,0.0000,0.0000,1.0000,1.0000E+00,1.0000E+00,
1523,   ,   ,   ,1432.0000,65535.0000,1744.0000,312.0000,0.0000,0.0000,0.0000,1.0000,1.0000E+00,1.0000E+00,
1524,   ,   ,   ,1525.0000,65535.0000,1869.0000,344.0000,0.0000,0.0000,0.0000,1.0000,1.0000E+00,1.0000E+00,
1525,   ,   ,   ,1426.0000,65535.0000,1740.0000,314.0000,0.0000,0.0000,0.0000,1.0000,1.0000E+00,1.0000E+00,
1526,   ,   ,   ,1430.0000,65535.0000,1765.0000,335.0000,0.0000,0.0000,0.0000,1.0000,1.0000E+00,1.0000E+00,
1527,   ,   ,   ,1422.0000,65535.0000,1743.0000,321.0000,0.0000,0.0000,0.0000,1.0000,1.0000E+00,1.0000E+00,
1528,   ,   ,   ,1384.0000,65535.0000,1719.0000,335.0000,0.0000,0.0000,0.0000,1.0000,1.0000E+00,1.0000E+00,
1529,   ,   ,   ,1413.0000,65535.0000,1755.0000,342.0000,0.0000,0.0000,0.0000,1.0000,1.0000E+00,1.0000E+00,
1530,   ,   ,   ,1391.0000,65535.0000,1746.0000,355.0000,0.0000,0.0000,0.0000,1.0000,1.0000E+00,1.0000E+00,
1531,   ,   ,   ,1424.0000,65535.0000,1717.0000,293.0000,0.0000,0.0000,0.0000,1.0000,1.0000E+00,1.0000E+00,
1532,   ,   ,   ,1416.0000,65535.0000,1780.0000,364.0000,0.0000,0.0000,0.0000,1.0000,1.0000E+00,1.0000E+00,
1533,   ,   ,   ,1432.0000,65535.0000,1716.0000,284.0000,0.0000,0.0000,0.0000,1.0000,1.0000E+00,1.0000E+00,
1534,   ,   ,   ,1451.0000,65535.0000,1809.0000,358.0000,0.0000,0.0000,0.0000,1.0000,1.0000E+00,1.0000E+00,
1535,   ,   ,   ,1421.0000,65535.0000,1751.0000,330.0000,0.0000,0.0000,0.0000,1.0000,1.0000E+00,1.0000E+00,
1536,   ,   ,   ,1393.0000,65535.0000,1756.0000,363.0000,0.0000,0.0000,0.0000,1.0000,1.0000E+00,1.0000E+00,
1537,   ,   ,   ,1433.0000,65535.0000,1742.0000,309.0000,0.0000,0.0000,0.0000,1.0000,1.0000E+00,1.0000E+00,
1538,   ,   ,   ,1418.0000,65535.0000,1759.0000,341.0000,0.0000,0.0000,0.0000,1.0000,1.0000E+00,1.0000E+00,
1539,   ,   ,   ,1419.0000,65535.0000,1697.0000,278.0000,0.0000,0.0000,0.0000,1.0000,1.0000E+00,1.0000E+00,
1540,   ,   ,   ,1429.0000,65535.0000,1702.0000,273.0000,0.0000,0.0000,0.0000,1.0000,1.0000E+00,1.0000E+00,
1541,   ,   ,   ,1410.0000,65535.0000,1758.0000,348.0000,0.0000,0.0000,0.0000,1.0000,1.0000E+00,1.0000E+00,
1542,   ,   ,   ,1395.0000,65535.0000,1725.0000,330.0000,0.0000,0.0000,0.0000,1.0000,1.0000E+00,1.0000E+00,
1543,   ,   ,   ,1408.0000,65535.0000,1760.0000,352.0000,0.0000,0.0000,0.0000,1.0000,1.0000E+00,1.0000E+00,
1544,   ,   ,   ,1386.0000,65535.0000,1729.0000,343.0000,0.0000,0.0000,0.0000,1.0000,1.0000E+00,1.0000E+00,
1545,   ,   ,   ,1434.0000,65535.0000,1771.0000,337.0000,0.0000,0.0000,0.0000,1.0000,1.0000E+00,1.0000E+00,
1546,   ,   ,   ,1411.0000,65535.0000,1737.0000,326.0000,0.0000,0.0000,0.0000,1.0000,1.0000E+00,1.0000E+00,
1547,   ,   ,   ,1493.0000,65535.0000,1792.0000,299.0000,0.0000,0.0000,0.0000,1.0000,1.0000E+00,1.0000E+00,
1548,   ,   ,   ,1394.0000,65535.0000,1744.0000,350.0000,0.0000,0.0000,0.0000,1.0000,1.0000E+00,1.0000E+00,
1549,   ,   ,   ,1405.0000,65535.0000,1725.0000,320.0000,0.0000,0.0000,0.0000,1.0000,1.0000E+00,1.0000E+00,
1550,   ,   ,   ,1401.0000,65535.0000,1731.0000,330.0000,0.0000,0.0000,0.0000,1.0000,1.0000E+00,1.0000E+00,
1551,   ,   ,   ,1413.0000,65535.0000,1722.0000,309.0000,0.0000,0.0000,0.0000,1.0000,1.0000E+00,1.0000E+00,
1552,   ,   ,   ,1426.0000,65535.0000,1751.0000,325.0000,0.0000,0.0000,0.0000,1.0000,1.0000E+00,1.0000E+00,
1553,   ,   ,   ,1419.0000,65535.0000,1712.0000,293.0000,0.0000,0.0000,0.0000,1.0000,1.0000E+00,1.0000E+00,
1554,   ,   ,   ,1417.0000,65535.0000,1746.0000,329.0000,0.0000,0.0000,0.0000,1.0000,1.0000E+00,1.0000E+00,
1555,   ,   ,   ,1438.0000,65535.0000,1735.0000,297.0000,0.0000,0.0000,0.0000,1.0000,1.0000E+00,1.0000E+00,
1556,   ,   ,   ,1403.0000,65535.0000,1747.0000,344.0000,0.0000,0.0000,0.0000,1.0000,1.0000E+00,1.0000E+00,
1557,   ,   ,   ,1415.0000,65535.0000,1739.0000,324.0000,0.0000,0.0000,0.0000,1.0000,1.0000E+00,1.0000E+00,
1558,   ,   ,   ,1417.0000,65535.0000,1768.0000,351.0000,0.0000,0.0000,0.0000,1.0000,1.0000E+00,1.0000E+00,
1559,   ,   ,   ,1436.0000,65535.0000,1704.0000,268.0000,0.0000,0.0000,0.0000,1.0000,1.0000E+00,1.0000E+00,
1560,   ,   ,   ,1393.0000,65535.0000,1747.0000,354.0000,0.0000,0.0000,0.0000,1.0000,1.0000E+00,1.0000E+00,
1561,   ,   ,   ,1412.0000,65535.0000,1725.0000,313.0000,0.0000,0.0000,0.0000,1.0000,1.0000E+00,1.0000E+00,
1562,   ,   ,   ,1423.0000,65535.0000,1742.0000,319.0000,0.0000,0.0000,0.0000,1.0000,1.0000E+00,1.0000E+00,
1563,   ,   ,   ,1448.0000,65535.0000,1716.0000,268.0000,0.0000,0.0000,0.0000,1.0000,1.0000E+00,1.0000E+00,
1564,   ,   ,   ,1414.0000,65535.0000,1752.0000,338.0000,0.0000,0.0000,0.0000,1.0000,1.0000E+00,1.0000E+00,
1565,   ,   ,   ,1390.0000,65535.0000,1733.0000,343.0000,0.0000,0.0000,0.0000,1.0000,1.0000E+00,1.0000E+00,
1566,   ,   ,   ,1403.0000,65535.0000,1747.0000,344.0000,0.0000,0.0000,0.0000,1.0000,1.0000E+00,1.0000E+00,
1567,   ,   ,   ,1415.0000,65535.0000,1763.0000,348.0000,0.0000,0.0000,0.0000,1.0000,1.0000E+00,1.0000E+00,
1568,   ,   ,   ,1468.0000,65535.0000,1762.0000,294.0000,0.0000,0.0000,0.0000,1.0000,1.0000E+00,1.0000E+00,
1569,   ,   ,   ,1411.0000,65535.0000,1726.0000,315.0000,0.0000,0.0000,0.0000,1.0000,1.0000E+00,1.0000E+00,
1570,   ,   ,   ,1381.0000,65535.0000,1735.0000,354.0000,0.0000,0.0000,0.0000,1.0000,1.0000E+00,1.0000E+00,
1571,   ,   ,   ,1432.0000,65535.0000,1715.0000,283.0000,0.0000,0.0000,0.0000,1.0000,1.0000E+00,1.0000E+00,
1572,   ,   ,   ,1420.0000,65535.0000,1754.0000,334.0000,0.0000,0.0000,0.0000,1.0000,1.0000E+00,1.0000E+00,
1573,   ,   ,   ,1412.0000,65535.0000,1744.0000,332.0000,0.0000,0.0000,0.0000,1.0000,1.0000E+00,1.0000E+00,
1574,   ,   ,   ,1439.0000,65535.0000,1770.0000,331.0000,0.0000,0.0000,0.0000,1.0000,1.0000E+00,1.0000E+00,
1575,   ,   ,   ,1426.0000,65535.0000,1755.0000,329.0000,0.0000,0.0000,0.0000,1.0000,1.0000E+00,1.0000E+00,
1576,   ,   ,   ,1427.0000,65535.0000,1753.0000,326.0000,0.0000,0.0000,0.0000,1.0000,1.0000E+00,1.0000E+00,
1577,   ,   ,   ,1364.0000,65535.0000,1734.0000,370.0000,0.0000,0.0000,0.0000,1.0000,1.0000E+00,1.0000E+00,
1578,   ,   ,   ,1429.0000,65535.0000,1766.0000,337.0000,0.0000,0.0000,0.0000,1.0000,1.0000E+00,1.0000E+00,
1579,   ,   ,   ,1390.0000,65535.0000,1727.0000,337.0000,0.0000,0.0000,0.0000,1.0000,1.0000E+00,1.0000E+00,
1580,   ,   ,   ,1436.0000,65535.0000,1734.0000,298.0000,0.0000,0.0000,0.0000,1.0000,1.0000E+00,1.0000E+00,
1581,   ,   ,   ,1382.0000,65535.0000,1770.0000,388.0000,0.0000,0.0000,0.0000,1.0000,1.0000E+00,1.0000E+00,
1582,   ,   ,   ,1388.0000,65535.0000,1705.0000,317.0000,0.0000,0.0000,0.0000,1.0000,1.0000E+00,1.0000E+00,
1583,   ,   ,   ,1414.0000,65535.0000,1780.0000,366.0000,0.0000,0.0000,0.0000,1.0000,1.0000E+00,1.0000E+00,
1584,   ,   ,   ,1399.0000,65535.0000,1736.0000,337.0000,0.0000,0.0000,0.0000,1.0000,1.0000E+00,1.0000E+00,
1585,   ,   ,   ,1409.0000,65535.0000,1765.0000,356.0000,0.0000,0.0000,0.0000,1.0000,1.0000E+00,1.0000E+00,
1586,   ,   ,   ,1410.0000,65535.0000,1732.0000,322.0000,0.0000,0.0000,0.0000,1.0000,1.0000E+00,1.0000E+00,
1587,   ,   ,   ,1404.0000,65535.0000,1738.0000,334.0000,0.0000,0.0000,0.0000,1.0000,1.0000E+00,1.0000E+00,
1588,   ,   ,   ,1422.0000,65535.0000,1739.0000,317.0000,0.0000,0.0000,0.0000,1.0000,1.0000E+00,1.0000E+00,
1589,   ,   ,   ,1418.0000,65535.0000,1771.0000,353.0000,0.0000,0.0000,0.0000,1.0000,1.0000E+00,1.0000E+00,
1590,   ,   ,   ,1429.0000,65535.0000,1769.0000,340.0000,0.0000,0.0000,0.0000,1.0000,1.0000E+00,1.0000E+00,
1591,   ,   ,   ,1420.0000,65535.0000,1777.0000,357.0000,0.0000,0.0000,0.0000,1.0000,1.0000E+00,1.0000E+00,
1592,   ,   ,   ,1428.0000,65535.0000,1717.0000,289.0000,0.0000,0.0000,0.0000,1.0000,1.0000E+00,1.0000E+00,
1593,   ,   ,   ,1450.0000,65535.0000,1785.0000,335.0000,0.0000,0.0000,0.0000,1.0000,1.0000E+00,1.0000E+00,
1594,   ,   ,   ,1422.0000,65535.0000,1745.0000,323.0000,0.0000,0.0000,0.0000,1.0000,1.0000E+00,1.0000E+00,
1595,   ,   ,   ,1412.0000,65535.0000,1743.0000,331.0000,0.0000,0.0000,0.0000,1.0000,1.0000E+00,1.0000E+00,
1596,   ,   ,   ,1410.0000,65535.0000,1758.0000,348.0000,0.0000,0.0000,0.0000,1.0000,1.0000E+00,1.0000E+00,
1597,   ,   ,   ,1436.0000,65535.0000,1776.0000,340.0000,0.0000,0.0000,0.0000,1.0000,1.0000E+00,1.0000E+00,
1598,   ,   ,   ,1423.0000,65535.0000,1791.0000,368.0000,0.0000,0.0000,0.0000,1.0000,1.0000E+00,1.0000E+00,
1599,   ,   ,   ,1428.0000,65535.0000,1771.0000,343.0000,0.0000,0.0000,0.0000,1.0000,1.0000E+00,1.0000E+00,
1600,   ,   ,   ,1427.0000,65535.0000,1732.0000,305.0000,0.0000,0.0000,0.0000,1.0000,1.0000E+00,1.0000E+00,
1601,   ,   ,   ,1428.0000,65535.0000,1753.0000,325.0000,0.0000,0.0000,0.0000,1.0000,1.0000E+00,1.0000E+00,
1602,   ,   ,   ,1438.0000,65535.0000,1791.0000,353.0000,0.0000,0.0000,0.0000,1.0000,1.0000E+00,1.0000E+00,
1603,   ,   ,   ,1410.0000,65535.0000,1749.0000,339.0000,0.0000,0.0000,0.0000,1.0000,1.0000E+00,1.0000E+00,
1604,   ,   ,   ,1434.0000,65535.0000,1751.0000,317.0000,0.0000,0.0000,0.0000,1.0000,1.0000E+00,1.0000E+00,
1605,   ,   ,   ,1426.0000,65535.0000,1760.0000,334.0000,0.0000,0.0000,0.0000,1.0000,1.0000E+00,1.0000E+00,
1606,   ,   ,   ,1422.0000,65535.0000,1775.0000,353.0000,0.0000,0.0000,0.0000,1.0000,1.0000E+00,1.0000E+00,
1607,   ,   ,   ,1421.0000,65535.0000,1726.0000,305.0000,0.0000,0.0000,0.0000,1.0000,1.0000E+00,1.0000E+00,
1608,   ,   ,   ,1419.0000,65535.0000,1751.0000,332.0000,0.0000,0.0000,0.0000,1.0000,1.0000E+00,1.0000E+00,
1609,   ,   ,   ,1409.0000,65535.0000,1802.0000,393.0000,0.0000,0.0000,0.0000,1.0000,1.0000E+00,1.0000E+00,
1610,   ,   ,   ,1404.0000,65535.0000,1720.0000,316.0000,0.0000,0.0000,0.0000,1.0000,1.0000E+00,1.0000E+00,
1611,   ,   ,   ,1510.0000,65535.0000,1823.0000,313.0000,0.0000,0.0000,0.0000,1.0000,1.0000E+00,1.0000E+00,
1612,   ,   ,   ,1420.0000,65535.0000,1755.0000,335.0000,0.0000,0.0000,0.0000,1.0000,1.0000E+00,1.0000E+00,
1613,   ,   ,   ,1411.0000,65535.0000,1743.0000,332.0000,0.0000,0.0000,0.0000,1.0000,1.0000E+00,1.0000E+00,
1614,   ,   ,   ,1449.0000,65535.0000,1766.0000,317.0000,0.0000,0.0000,0.0000,1.0000,1.0000E+00,1.0000E+00,
1615,   ,   ,   ,1452.0000,65535.0000,1758.0000,306.0000,0.0000,0.0000,0.0000,1.0000,1.0000E+00,1.0000E+00,
1616,   ,   ,   ,1459.0000,65535.0000,1792.0000,333.0000,0.0000,0.0000,0.0000,1.0000,1.0000E+00,1.0000E+00,
1617,   ,   ,   ,1528.0000,65535.0000,1856.0000,328.0000,0.0000,0.0000,0.0000,1.0000,1.0000E+00,1.0000E+00,
1618,   ,   ,   ,1627.0000,65535.0000,1947.0000,320.0000,0.0000,0.0000,0.0000,1.0000,1.0000E+00,1.0000E+00,
1619,   ,   ,   ,1573.0000,65535.0000,1904.0000,331.0000,0.0000,0.0000,0.0000,1.0000,1.0000E+00,1.0000E+00,
1620,   ,   ,   ,1465.0000,65535.0000,1796.0000,331.0000,0.0000,0.0000,0.0000,1.0000,1.0000E+00,1.0000E+00,
1621,   ,   ,   ,1467.0000,65535.0000,1727.0000,260.0000,0.0000,0.0000,0.0000,1.0000,1.0000E+00,1.0000E+00,
1622,   ,   ,   ,1405.0000,65535.0000,1744.0000,339.0000,0.0000,0.0000,0.0000,1.0000,1.0000E+00,1.0000E+00,
1623,   ,   ,   ,1413.0000,65535.0000,1734.0000,321.0000,0.0000,0.0000,0.0000,1.0000,1.0000E+00,1.0000E+00,
1624,   ,   ,   ,1381.0000,65535.0000,1753.0000,372.0000,0.0000,0.0000,0.0000,1.0000,1.0000E+00,1.0000E+00,
1625,   ,   ,   ,1444.0000,65535.0000,1720.0000,276.0000,0.0000,0.0000,0.0000,1.0000,1.0000E+00,1.0000E+00,
1626,   ,   ,   ,1393.0000,65535.0000,1730.0000,337.0000,0.0000,0.0000,0.0000,1.0000,1.0000E+00,1.0000E+00,
1627,   ,   ,   ,1455.0000,65535.0000,1716.0000,261.0000,0.0000,0.0000,0.0000,1.0000,1.0000E+00,1.0000E+00,
1628,   ,   ,   ,1400.0000,65535.0000,1774.0000,374.0000,0.0000,0.0000,0.0000,1.0000,1.0000E+00,1.0000E+00,
1629,   ,   ,   ,1405.0000,65535.0000,1700.0000,295.0000,0.0000,0.0000,0.0000,1.0000,1.0000E+00,1.0000E+00,
1630,   ,   ,   ,1428.0000,65535.0000,1756.0000,328.0000,0.0000,0.0000,0.0000,1.0000,1.0000E+00,1.0000E+00,
1631,   ,   ,   ,1421.0000,65535.0000,1673.0000,252.0000,0.0000,0.0000,0.0000,1.0000,1.0000E+00,1.0000E+00,
1632,   ,   ,   ,1398.0000,65535.0000,1735.0000,337.0000,0.0000,0.0000,0.0000,1.0000,1.0000E+00,1.0000E+00,
1633,   ,   ,   ,1438.0000,65535.0000,1725.0000,287.0000,0.0000,0.0000,0.0000,1.0000,1.0000E+00,1.0000E+00,
1634,   ,   ,   ,1418.0000,65535.0000,1690.0000,272.0000,0.0000,0.0000,0.0000,1.0000,1.0000E+00,1.0000E+00,
1635,   ,   ,   ,1421.0000,65535.0000,1726.0000,305.0000,0.0000,0.0000,0.0000,1.0000,1.0000E+00,1.0000E+00,
1636,   ,   ,   ,1419.0000,65535.0000,1745.0000,326.0000,0.0000,0.0000,0.0000,1.0000,1.0000E+00,1.0000E+00,
1637,   ,   ,   ,1438.0000,65535.0000,1730.0000,292.0000,0.0000,0.0000,0.0000,1.0000,1.0000E+00,1.0000E+00,
1638,   ,   ,   ,1425.0000,65535.0000,1670.0000,245.0000,0.0000,0.0000,0.0000,1.0000,1.0000E+00,1.0000E+00,
1639,   ,   ,   ,1489.0000,65535.0000,1732.0000,243.0000,0.0000,0.0000,0.0000,1.0000,1.0000E+00,1.0000E+00,
1640,   ,   ,   ,1448.0000,65535.0000,1720.0000,272.0000,0.0000,0.0000,0.0000,1.0000,1.0000E+00,1.0000E+00,
1641,   ,   ,   ,1404.0000,65535.0000,1691.0000,287.0000,0.0000,0.0000,0.0000,1.0000,1.0000E+00,1.0000E+00,
1642,   ,   ,   ,1417.0000,65535.0000,1696.0000,279.0000,0.0000,0.0000,0.0000,1.0000,1.0000E+00,1.0000E+00,
1643,   ,   ,   ,1393.0000,65535.0000,1720.0000,327.0000,0.0000,0.0000,0.0000,1.0000,1.0000E+00,1.0000E+00,
1644,   ,   ,   ,1437.0000,65535.0000,1696.0000,259.0000,0.0000,0.0000,0.0000,1.0000,1.0000E+00,1.0000E+00,
1645,   ,   ,   ,1420.0000,65535.0000,1715.0000,295.0000,0.0000,0.0000,0.0000,1.0000,1.0000E+00,1.0000E+00,
1646,   ,   ,   ,1445.0000,65535.0000,1671.0000,226.0000,0.0000,0.0000,0.0000,1.0000,1.0000E+00,1.0000E+00,
1647,   ,   ,   ,1426.0000,65535.0000,1714.0000,288.0000,0.0000,0.0000,0.0000,1.0000,1.0000E+00,1.0000E+00,
1648,   ,   ,   ,1423.0000,65535.0000,1688.0000,265.0000,0.0000,0.0000,0.0000,1.0000,1.0000E+00,1.0000E+00,
1649,   ,   ,   ,1433.0000,65535.0000,1703.0000,270.0000,0.0000,0.0000,0.0000,1.0000,1.0000E+00,1.0000E+00,
1650,   ,   ,   ,1396.0000,65535.0000,1725.0000,329.0000,0.0000,0.0000,0.0000,1.0000,1.0000E+00,1.0000E+00,
1651,   ,   ,   ,1420.0000,65535.0000,1720.0000,300.0000,0.0000,0.0000,0.0000,1.0000,1.0000E+00,1.0000E+00,
1652,   ,   ,   ,1433.0000,65535.0000,1740.0000,307.0000,0.0000,0.0000,0.0000,1.0000,1.0000E+00,1.0000E+00,
1653,   ,   ,   ,1505.0000,65535.0000,1764.0000,259.0000,0.0000,0.0000,0.0000,1.0000,1.0000E+00,1.0000E+00,
1654,   ,   ,   ,1426.0000,65535.0000,1697.0000,271.0000,0.0000,0.0000,0.0000,1.0000,1.0000E+00,1.0000E+00,
1655,   ,   ,   ,1400.0000,65535.0000,1682.0000,282.0000,0.0000,0.0000,0.0000,1.0000,1.0000E+00,1.0000E+00,
1656,   ,   ,   ,1401.0000,65535.0000,1707.0000,306.0000,0.0000,0.0000,0.0000,1.0000,1.0000E+00,1.0000E+00,
1657,   ,   ,   ,1458.0000,65535.0000,1695.0000,237.0000,0.0000,0.0000,0.0000,1.0000,1.0000E+00,1.0000E+00,
1658,   ,   ,   ,1417.0000,65535.0000,1699.0000,282.0000,0.0000,0.0000,0.0000,1.0000,1.0000E+00,1.0000E+00,
1659,   ,   ,   ,1425.0000,65535.0000,1663.0000,238.0000,0.0000,0.0000,0.0000,1.0000,1.0000E+00,1.0000E+00,
1660,   ,   ,   ,1411.0000,65535.0000,1717.0000,306.0000,0.0000,0.0000,0.0000,1.0000,1.0000E+00,1.0000E+00,
1661,   ,   ,   ,1405.0000,65535.0000,1678.0000,273.0000,0.0000,0.0000,0.0000,1.0000,1.0000E+00,1.0000E+00,
1662,   ,   ,   ,1431.0000,65535.0000,1689.0000,258.0000,0.0000,0.0000,0.0000,1.0000,1.0000E+00,1.0000E+00,
1663,   ,   ,   ,1412.0000,65535.0000,1680.0000,268.0000,0.0000,0.0000,0.0000,1.0000,1.0000E+00,1.0000E+00,
1664,   ,   ,   ,1426.0000,65535.0000,1638.0000,212.0000,0.0000,0.0000,0.0000,1.0000,1.0000E+00,1.0000E+00,
1665,   ,   ,   ,1401.0000,65535.0000,1672.0000,271.0000,0.0000,0.0000,0.0000,1.0000,1.0000E+00,1.0000E+00,
1666,   ,   ,   ,1415.0000,65535.0000,1669.0000,254.0000,0.0000,0.0000,0.0000,1.0000,1.0000E+00,1.0000E+00,
1667,   ,   ,   ,1422.0000,65535.0000,1678.0000,256.0000,0.0000,0.0000,0.0000,1.0000,1.0000E+00,1.0000E+00,
1668,   ,   ,   ,1428.0000,65535.0000,1636.0000,208.0000,0.0000,0.0000,0.0000,1.0000,1.0000E+00,1.0000E+00,
1669,   ,   ,   ,1386.0000,65535.0000,1667.0000,281.0000,0.0000,0.0000,0.0000,1.0000,1.0000E+00,1.0000E+00,
1670,   ,   ,   ,1455.0000,65535.0000,1635.0000,180.0000,0.0000,0.0000,0.0000,1.0000,1.0000E+00,1.0000E+00,
1671,   ,   ,   ,1405.0000,65535.0000,1673.0000,268.0000,0.0000,0.0000,0.0000,1.0000,1.0000E+00,1.0000E+00,
1672,   ,   ,   ,1441.0000,65535.0000,1651.0000,210.0000,0.0000,0.0000,0.0000,1.0000,1.0000E+00,1.0000E+00,
1673,   ,   ,   ,1415.0000,65535.0000,1656.0000,241.0000,0.0000,0.0000,0.0000,1.0000,1.0000E+00,1.0000E+00,
1674,   ,   ,   ,1458.0000,65535.0000,1603.0000,145.0000,0.0000,0.0000,0.0000,1.0000,1.0000E+00,1.0000E+00,
1675,   ,   ,   ,1436.0000,65535.0000,1645.0000,209.0000,0.0000,0.0000,0.0000,1.0000,1.0000E+00,1.0000E+00,
1676,   ,   ,   ,1440.0000,65535.0000,1620.0000,180.0000,0.0000,0.0000,0.0000,1.0000,1.0000E+00,1.0000E+00,
1677,   ,   ,   ,1428.0000,65535.0000,1623.0000,195.0000,0.0000,0.0000,0.0000,1.0000,1.0000E+00,1.0000E+00,
1678,   ,   ,   ,1425.0000,65535.0000,1626.0000,201.0000,0.0000,0.0000,0.0000,1.0000,1.0000E+00,1.0000E+00,
1679,   ,   ,   ,1398.0000,65535.0000,1642.0000,244.0000,0.0000,0.0000,0.0000,1.0000,1.0000E+00,1.0000E+00,
1680,   ,   ,   ,1413.0000,65535.0000,1601.0000,188.0000,0.0000,0.0000,0.0000,1.0000,1.0000E+00,1.0000E+00,
1681,   ,   ,   ,1413.0000,65535.0000,1601.0000,188.0000,0.0000,0.0000,0.0000,1.0000,1.0000E+00,1.0000E+00,
1682,   ,   ,   ,1433.0000,65535.0000,1618.0000,185.0000,0.0000,0.0000,0.0000,1.0000,1.0000E+00,1.0000E+00,
1683,   ,   ,   ,1454.0000,65535.0000,1623.0000,169.0000,0.0000,0.0000,0.0000,1.0000,1.0000E+00,1.0000E+00,
1684,   ,   ,   ,1393.0000,65535.0000,1578.0000,185.0000,0.0000,0.0000,0.0000,1.0000,1.0000E+00,1.0000E+00,
1685,   ,   ,   ,1438.0000,65535.0000,1585.0000,147.0000,0.0000,0.0000,0.0000,1.0000,1.0000E+00,1.0000E+00,
1686,   ,   ,   ,1403.0000,65535.0000,1581.0000,178.0000,0.0000,0.0000,0.0000,1.0000,1.0000E+00,1.0000E+00,
1687,   ,   ,   ,1442.0000,65535.0000,1642.0000,200.0000,0.0000,0.0000,0.0000,1.0000,1.0000E+00,1.0000E+00,
1688,   ,   ,   ,1422.0000,65535.0000,1563.0000,141.0000,0.0000,0.0000,0.0000,1.0000,1.0000E+00,1.0000E+00,
1689,   ,   ,   ,1477.0000,65535.0000,1651.0000,174.0000,0.0000,0.0000,0.0000,1.0000,1.0000E+00,1.0000E+00,
1690,   ,   ,   ,1419.0000,65535.0000,1561.0000,142.0000,0.0000,0.0000,0.0000,1.0000,1.0000E+00,1.0000E+00,
1691,   ,   ,   ,1410.0000,65535.0000,1561.0000,151.0000,0.0000,0.0000,0.0000,1.0000,1.0000E+00,1.0000E+00,
1692,   ,   ,   ,1431.0000,65535.0000,1565.0000,134.0000,0.0000,0.0000,0.0000,1.0000,1.0000E+00,1.0000E+00,
1693,   ,   ,   ,1410.0000,65535.0000,1577.0000,167.0000,0.0000,0.0000,0.0000,1.0000,1.0000E+00,1.0000E+00,
1694,   ,   ,   ,1379.0000,65535.0000,1564.0000,185.0000,0.0000,0.0000,0.0000,1.0000,1.0000E+00,1.0000E+00,
1695,   ,   ,   ,1408.0000,65535.0000,1572.0000,164.0000,0.0000,0.0000,0.0000,1.0000,1.0000E+00,1.0000E+00,
1696,   ,   ,   ,1408.0000,65535.0000,1558.0000,150.0000,0.0000,0.0000,0.0000,1.0000,1.0000E+00,1.0000E+00,
1697,   ,   ,   ,1415.0000,65535.0000,1570.0000,155.0000,0.0000,0.0000,0.0000,1.0000,1.0000E+00,1.0000E+00,
1698,   ,   ,   ,1390.0000,65535.0000,1593.0000,203.0000,0.0000,0.0000,0.0000,1.0000,1.0000E+00,1.0000E+00,
1699,   ,   ,   ,1395.0000,65535.0000,1577.0000,182.0000,0.0000,0.0000,0.0000,1.0000,1.0000E+00,1.0000E+00,
1700,   ,   ,   ,1397.0000,65535.0000,1535.0000,138.0000,0.0000,0.0000,0.0000,1.0000,1.0000E+00,1.0000E+00,
1701,   ,   ,   ,1428.0000,65535.0000,1575.0000,147.0000,0.0000,0.0000,0.0000,1.0000,1.0000E+00,1.0000E+00,
1702,   ,   ,   ,1417.0000,65535.0000,1528.0000,111.0000,0.0000,0.0000,0.0000,1.0000,1.0000E+00,1.0000E+00,
1703,   ,   ,   ,1405.0000,65535.0000,1566.0000,161.0000,0.0000,0.0000,0.0000,1.0000,1.0000E+00,1.0000E+00,
1704,   ,   ,   ,1420.0000,65535.0000,1522.0000,102.0000,0.0000,0.0000,0.0000,1.0000,1.0000E+00,1.0000E+00,
1705,   ,   ,   ,1407.0000,65535.0000,1569.0000,162.0000,0.0000,0.0000,0.0000,1.0000,1.0000E+00,1.0000E+00,
1706,   ,   ,   ,1416.0000,65535.0000,1565.0000,149.0000,0.0000,0.0000,0.0000,1.0000,1.0000E+00,1.0000E+00,
1707,   ,   ,   ,1431.0000,65535.0000,1523.0000,92.0000,0.0000,0.0000,0.0000,1.0000,1.0000E+00,1.0000E+00,
1708,   ,   ,   ,1399.0000,65535.0000,1541.0000,142.0000,0.0000,0.0000,0.0000,1.0000,1.0000E+00,1.0000E+00,
1709,   ,   ,   ,1419.0000,65535.0000,1549.0000,130.0000,0.0000,0.0000,0.0000,1.0000,1.0000E+00,1.0000E+00,
1710,   ,   ,   ,1410.0000,65535.0000,1525.0000,115.0000,0.0000,0.0000,0.0000,1.0000,1.0000E+00,1.0000E+00,
1711,   ,   ,   ,1446.0000,65535.0000,1556.0000,110.0000,0.0000,0.0000,0.0000,1.0000,1.0000E+00,1.0000E+00,
1712,   ,   ,   ,1382.0000,65535.0000,1517.0000,135.0000,0.0000,0.0000,0.0000,1.0000,1.0000E+00,1.0000E+00,
1713,   ,   ,   ,1412.0000,65535.0000,1514.0000,102.0000,0.0000,0.0000,0.0000,1.0000,1.0000E+00,1.0000E+00,
1714,   ,   ,   ,1432.0000,65535.0000,1582.0000,150.0000,0.0000,0.0000,0.0000,1.0000,1.0000E+00,1.0000E+00,
1715,   ,   ,   ,1405.0000,65535.0000,1493.0000,88.0000,0.0000,0.0000,0.0000,1.0000,1.0000E+00,1.0000E+00,
1716,   ,   ,   ,1436.0000,65535.0000,1521.0000,85.0000,0.0000,0.0000,0.0000,1.0000,1.0000E+00,1.0000E+00,
1717,   ,   ,   ,1416.0000,65535.0000,1528.0000,112.0000,0.0000,0.0000,0.0000,1.0000,1.0000E+00,1.0000E+00,
1718,   ,   ,   ,1401.0000,65535.0000,1506.0000,105.0000,0.0000,0.0000,0.0000,1.0000,1.0000E+00,1.0000E+00,
1719,   ,   ,   ,1407.0000,65535.0000,1504.0000,97.0000,0.0000,0.0000,0.0000,1.0000,1.0000E+00,1.0000E+00,
1720,   ,   ,   ,1413.0000,65535.0000,1536.0000,123.0000,0.0000,0.0000,0.0000,1.0000,1.0000E+00,1.0000E+00,
1721,   ,   ,   ,1434.0000,65535.0000,1529.0000,95.0000,0.0000,0.0000,0.0000,1.0000,1.0000E+00,1.0000E+00,
1722,   ,   ,   ,1400.0000,65535.0000,1517.0000,117.0000,0.0000,0.0000,0.0000,1.0000,1.0000E+00,1.0000E+00,
1723,   ,   ,   ,1441.0000,65535.0000,1455.0000,14.0000,0.0000,0.0000,0.0000,1.0000,1.0000E+00,1.0000E+00,
1724,   ,   ,   ,1419.0000,65535.0000,1520.0000,101.0000,0.0000,0.0000,0.0000,1.0000,1.0000E+00,1.0000E+00,
1725,   ,   ,   ,1449.0000,65535.0000,1536.0000,87.0000,0.0000,0.0000,0.0000,1.0000,1.0000E+00,1.0000E+00,
1726,   ,   ,   ,1438.0000,65535.0000,1522.0000,84.0000,0.0000,0.0000,0.0000,1.0000,1.0000E+00,1.0000E+00,
1727,   ,   ,   ,1392.0000,65535.0000,1539.0000,147.0000,0.0000,0.0000,0.0000,1.0000,1.0000E+00,1.0000E+00,
1728,   ,   ,   ,1417.0000,65535.0000,1509.0000,92.0000,0.0000,0.0000,0.0000,1.0000,1.0000E+00,1.0000E+00,
1729,   ,   ,   ,1430.0000,65535.0000,1538.0000,108.0000,0.0000,0.0000,0.0000,1.0000,1.0000E+00,1.0000E+00,
1730,   ,   ,   ,1417.0000,65535.0000,1489.0000,72.0000,0.0000,0.0000,0.0000,1.0000,1.0000E+00,1.0000E+00,
1731,   ,   ,   ,1423.0000,65535.0000,1484.0000,61.0000,0.0000,0.0000,0.0000,1.0000,1.0000E+00,1.0000E+00,
1732,   ,   ,   ,1411.0000,65535.0000,1536.0000,125.0000,0.0000,0.0000,0.0000,1.0000,1.0000E+00,1.0000E+00,
1733,   ,   ,   ,1401.0000,65535.0000,1481.0000,80.0000,0.0000,0.0000,0.0000,1.0000,1.0000E+00,1.0000E+00,
1734,   ,   ,   ,1411.0000,65535.0000,1497.0000,86.0000,0.0000,0.0000,0.0000,1.0000,1.0000E+00,1.0000E+00,
1735,   ,   ,   ,1470.0000,65535.0000,1545.0000,75.0000,0.0000,0.0000,0.0000,1.0000,1.0000E+00,1.0000E+00,
1736,   ,   ,   ,1419.0000,65535.0000,1486.0000,67.0000,0.0000,0.0000,0.0000,1.0000,1.0000E+00,1.0000E+00,
1737,   ,   ,   ,1420.0000,65535.0000,1534.0000,114.0000,0.0000,0.0000,0.0000,1.0000,1.0000E+00,1.0000E+00,
1738,   ,   ,   ,1428.0000,65535.0000,1472.0000,44.0000,0.0000,0.0000,0.0000,1.0000,1.0000E+00,1.0000E+00,
1739,   ,   ,   ,1397.0000,65535.0000,1489.0000,92.0000,0.0000,0.0000,0.0000,1.0000,1.0000E+00,1.0000E+00,
1740,   ,   ,   ,1452.0000,65535.0000,1517.0000,65.0000,0.0000,0.0000,0.0000,1.0000,1.0000E+00,1.0000E+00,
1741,   ,   ,   ,1544.0000,65535.0000,1639.0000,95.0000,0.0000,0.0000,0.0000,1.0000,1.0000E+00,1.0000E+00,
1742,   ,   ,   ,1451.0000,65535.0000,1518.0000,67.0000,0.0000,0.0000,0.0000,1.0000,1.0000E+00,1.0000E+00,
1743,   ,   ,   ,1523.0000,65535.0000,1627.0000,104.0000,0.0000,0.0000,0.0000,1.0000,1.0000E+00,1.0000E+00,
1744,   ,   ,   ,1466.0000,65535.0000,1519.0000,53.0000,0.0000,0.0000,0.0000,1.0000,1.0000E+00,1.0000E+00,
1745,   ,   ,   ,1380.0000,65535.0000,1479.0000,99.0000,0.0000,0.0000,0.0000,1.0000,1.0000E+00,1.0000E+00,
1746,   ,   ,   ,1414.0000,65535.0000,1520.0000,106.0000,0.0000,0.0000,0.0000,1.0000,1.0000E+00,1.0000E+00,
1747,   ,   ,   ,1411.0000,65535.0000,1482.0000,71.0000,0.0000,0.0000,0.0000,1.0000,1.0000E+00,1.0000E+00,
1748,   ,   ,   ,1386.0000,65535.0000,1495.0000,109.0000,0.0000,0.0000,0.0000,1.0000,1.0000E+00,1.0000E+00,
1749,   ,   ,   ,1415.0000,65535.0000,1494.0000,79.0000,0.0000,0.0000,0.0000,1.0000,1.0000E+00,1.0000E+00,
1750,   ,   ,   ,1433.0000,65535.0000,1502.0000,69.0000,0.0000,0.0000,0.0000,1.0000,1.0000E+00,1.0000E+00,
1751,   ,   ,   ,1419.0000,65535.0000,1484.0000,65.0000,0.0000,0.0000,0.0000,1.0000,1.0000E+00,1.0000E+00,
1752,   ,   ,   ,1439.0000,65535.0000,1505.0000,66.0000,0.0000,0.0000,0.0000,1.0000,1.0000E+00,1.0000E+00,
1753,   ,   ,   ,1428.0000,65535.0000,1516.0000,88.0000,0.0000,0.0000,0.0000,1.0000,1.0000E+00,1.0000E+00,
1754,   ,   ,   ,1423.0000,65535.0000,1475.0000,52.0000,0.0000,0.0000,0.0000,1.0000,1.0000E+00,1.0000E+00,
1755,   ,   ,   ,1406.0000,65535.0000,1502.0000,96.0000,0.0000,0.0000,0.0000,1.0000,1.0000E+00,1.0000E+00,
1756,   ,   ,   ,1420.0000,65535.0000,1546.0000,126.0000,0.0000,0.0000,0.0000,1.0000,1.0000E+00,1.0000E+00,
1757,   ,   ,   ,1404.0000,65535.0000,1495.0000,91.0000,0.0000,0.0000,0.0000,1.0000,1.0000E+00,1.0000E+00,
1758,   ,   ,   ,1424.0000,65535.0000,1500.0000,76.0000,0.0000,0.0000,0.0000,1.0000,1.0000E+00,1.0000E+00,
1759,   ,   ,   ,1427.0000,65535.0000,1508.0000,81.0000,0.0000,0.0000,0.0000,1.0000,1.0000E+00,1.0000E+00,
1760,   ,   ,   ,1387.0000,65535.0000,1478.0000,91.0000,0.0000,0.0000,0.0000,1.0000,1.0000E+00,1.0000E+00,
1761,   ,   ,   ,1423.0000,65535.0000,1511.0000,88.0000,0.0000,0.0000,0.0000,1.0000,1.0000E+00,1.0000E+00,
1762,   ,   ,   ,1406.0000,65535.0000,1464.0000,58.0000,0.0000,0.0000,0.0000,1.0000,1.0000E+00,1.0000E+00,
1763,   ,   ,   ,1426.0000,65535.0000,1482.0000,56.0000,0.0000,0.0000,0.0000,1.0000,1.0000E+00,1.0000E+00,
1764,   ,   ,   ,1418.0000,65535.0000,1454.0000,36.0000,0.0000,0.0000,0.0000,1.0000,1.0000E+00,1.0000E+00,
1765,   ,   ,   ,1414.0000,65535.0000,1488.0000,74.0000,0.0000,0.0000,0.0000,1.0000,1.0000E+00,1.0000E+00,
1766,   ,   ,   ,1430.0000,65535.0000,1507.0000,77.0000,0.0000,0.0000,0.0000,1.0000,1.0000E+00,1.0000E+00,
1767,   ,   ,   ,1436.0000,65535.0000,1508.0000,72.0000,0.0000,0.0000,0.0000,1.0000,1.0000E+00,1.0000E+00,
1768,   ,   ,   ,1414.0000,65535.0000,1511.0000,97.0000,0.0000,0.0000,0.0000,1.0000,1.0000E+00,1.0000E+00,
1769,   ,   ,   ,1423.0000,65535.0000,1485.0000,62.0000,0.0000,0.0000,0.0000,1.0000,1.0000E+00,1.0000E+00,
1770,   ,   ,   ,1433.0000,65535.0000,1486.0000,53.0000,0.0000,0.0000,0.0000,1.0000,1.0000E+00,1.0000E+00,
1771,   ,   ,   ,1434.0000,65535.0000,1484.0000,50.0000,0.0000,0.0000,0.0000,1.0000,1.0000E+00,1.0000E+00,
1772,   ,   ,   ,1408.0000,65535.0000,1470.0000,62.0000,0.0000,0.0000,0.0000,1.0000,1.0000E+00,1.0000E+00,
1773,   ,   ,   ,1423.0000,65535.0000,1499.0000,76.0000,0.0000,0.0000,0.0000,1.0000,1.0000E+00,1.0000E+00,
1774,   ,   ,   ,1415.0000,65535.0000,1488.0000,73.0000,0.0000,0.0000,0.0000,1.0000,1.0000E+00,1.0000E+00,
1775,   ,   ,   ,1410.0000,65535.0000,1485.0000,75.0000,0.0000,0.0000,0.0000,1.0000,1.0000E+00,1.0000E+00,
1776,   ,   ,   ,1387.0000,65535.0000,1482.0000,95.0000,0.0000,0.0000,0.0000,1.0000,1.0000E+00,1.0000E+00,
1777,   ,   ,   ,1438.0000,65535.0000,1473.0000,35.0000,0.0000,0.0000,0.0000,1.0000,1.0000E+00,1.0000E+00,
1778,   ,   ,   ,1414.0000,65535.0000,1470.0000,56.0000,0.0000,0.0000,0.0000,1.0000,1.0000E+00,1.0000E+00,
1779,   ,   ,   ,1390.0000,65535.0000,1510.0000,120.0000,0.0000,0.0000,0.0000,1.0000,1.0000E+00,1.0000E+00,
1780,   ,   ,   ,1392.0000,65535.0000,1457.0000,65.0000,0.0000,0.0000,0.0000,1.0000,1.0000E+00,1.0000E+00,
1781,   ,   ,   ,1419.0000,65535.0000,1473.0000,54.0000,0.0000,0.0000,0.0000,1.0000,1.0000E+00,1.0000E+00,
1782,   ,   ,   ,1422.0000,65535.0000,1462.0000,40.0000,0.0000,0.0000,0.0000,1.0000,1.0000E+00,1.0000E+00,
1783,   ,   ,   ,1414.0000,65535.0000,1465.0000,51.0000,0.0000,0.0000,0.0000,1.0000,1.0000E+00,1.0000E+00,
1784,   ,   ,   ,1446.0000,65535.0000,1527.0000,81.0000,0.0000,0.0000,0.0000,1.0000,1.0000E+00,1.0000E+00,
1785,   ,   ,   ,1415.0000,65535.0000,1450.0000,35.0000,0.0000,0.0000,0.0000,1.0000,1.0000E+00,1.0000E+00,
1786,   ,   ,   ,1382.0000,65535.0000,1521.0000,139.0000,0.0000,0.0000,0.0000,1.0000,1.0000E+00,1.0000E+00,
1787,   ,   ,   ,1433.0000,65535.0000,1437.0000,4.0000,0.0000,0.0000,0.0000,1.0000,1.0000E+00,1.0000E+00,
1788,   ,   ,   ,1417.0000,65535.0000,1521.0000,104.0000,0.0000,0.0000,0.0000,1.0000,1.0000E+00,1.0000E+00,
1789,   ,   ,   ,1451.0000,65535.0000,1466.0000,15.0000,0.0000,0.0000,0.0000,1.0000,1.0000E+00,1.0000E+00,
1790,   ,   ,   ,1402.0000,65535.0000,1457.0000,55.0000,0.0000,0.0000,0.0000,1.0000,1.0000E+00,1.0000E+00,
1791,   ,   ,   ,1453.0000,65535.0000,1478.0000,25.0000,0.0000,0.0000,0.0000,1.0000,1.0000E+00,1.0000E+00,
1792,   ,   ,   ,1392.0000,65535.0000,1462.0000,70.0000,0.0000,0.0000,0.0000,1.0000,1.0000E+00,1.0000E+00,
1793,   ,   ,   ,1396.0000,65535.0000,1442.0000,46.0000,0.0000,0.0000,0.0000,1.0000,1.0000E+00,1.0000E+00,
1794,   ,   ,   ,1400.0000,65535.0000,1484.0000,84.0000,0.0000,0.0000,0.0000,1.0000,1.0000E+00,1.0000E+00,
1795,   ,   ,   ,1399.0000,65535.0000,1445.0000,46.0000,0.0000,0.0000,0.0000,1.0000,1.0000E+00,1.0000E+00,
1796,   ,   ,   ,1421.0000,65535.0000,1481.0000,60.0000,0.0000,0.0000,0.0000,1.0000,1.0000E+00,1.0000E+00,
1797,   ,   ,   ,1418.0000,65535.0000,1429.0000,11.0000,0.0000,0.0000,0.0000,1.0000,1.0000E+00,1.0000E+00,
1798,   ,   ,   ,1422.0000,65535.0000,1452.0000,30.0000,0.0000,0.0000,0.0000,1.0000,1.0000E+00,1.0000E+00,
1799,   ,   ,   ,1433.0000,65535.0000,1449.0000,16.0000,0.0000,0.0000,0.0000,1.0000,1.0000E+00,1.0000E+00,
1800,   ,   ,   ,1420.0000,65535.0000,1452.0000,32.0000,0.0000,0.0000,0.0000,1.0000,1.0000E+00,1.0000E+00,
1801,   ,   ,   ,1414.0000,65535.0000,1481.0000,67.0000,0.0000,0.0000,0.0000,1.0000,1.0000E+00,1.0000E+00,
1802,   ,   ,   ,1405.0000,65535.0000,1470.0000,65.0000,0.0000,0.0000,0.0000,1.0000,1.0000E+00,1.0000E+00,
1803,   ,   ,   ,1431.0000,65535.0000,1464.0000,33.0000,0.0000,0.0000,0.0000,1.0000,1.0000E+00,1.0000E+00,
1804,   ,   ,   ,1406.0000,65535.0000,1438.0000,32.0000,0.0000,0.0000,0.0000,1.0000,1.0000E+00,1.0000E+00,
1805,   ,   ,   ,1424.0000,65535.0000,1472.0000,48.0000,0.0000,0.0000,0.0000,1.0000,1.0000E+00,1.0000E+00,
1806,   ,   ,   ,1439.0000,65535.0000,1433.0000,-6.0000,0.0000,0.0000,0.0000,1.0000,1.0000E+00,1.0000E+00,
1807,   ,   ,   ,1400.0000,65535.0000,1469.0000,69.0000,0.0000,0.0000,0.0000,1.0000,1.0000E+00,1.0000E+00,
1808,   ,   ,   ,1414.0000,65535.0000,1434.0000,20.0000,0.0000,0.0000,0.0000,1.0000,1.0000E+00,1.0000E+00,
1809,   ,   ,   ,1394.0000,65535.0000,1464.0000,70.0000,0.0000,0.0000,0.0000,1.0000,1.0000E+00,1.0000E+00,
1810,   ,   ,   ,1417.0000,65535.0000,1474.0000,57.0000,0.0000,0.0000,0.0000,1.0000,1.0000E+00,1.0000E+00,
1811,   ,   ,   ,1437.0000,65535.0000,1448.0000,11.0000,0.0000,0.0000,0.0000,1.0000,1.0000E+00,1.0000E+00,
1812,   ,   ,   ,1422.0000,65535.0000,1432.0000,10.0000,0.0000,0.0000,0.0000,1.0000,1.0000E+00,1.0000E+00,
1813,   ,   ,   ,1422.0000,65535.0000,1450.0000,28.0000,0.0000,0.0000,0.0000,1.0000,1.0000E+00,1.0000E+00,
1814,   ,   ,   ,1414.0000,65535.0000,1437.0000,23.0000,0.0000,0.0000,0.0000,1.0000,1.0000E+00,1.0000E+00,
1815,   ,   ,   ,1426.0000,65535.0000,1482.0000,56.0000,0.0000,0.0000,0.0000,1.0000,1.0000E+00,1.0000E+00,
1816,   ,   ,   ,1425.0000,65535.0000,1471.0000,46.0000,0.0000,0.0000,0.0000,1.0000,1.0000E+00,1.0000E+00,
1817,   ,   ,   ,1392.0000,65535.0000,1434.0000,42.0000,0.0000,0.0000,0.0000,1.0000,1.0000E+00,1.0000E+00,
1818,   ,   ,   ,1434.0000,65535.0000,1426.0000,-8.0000,0.0000,0.0000,0.0000,1.0000,1.0000E+00,1.0000E+00,
1819,   ,   ,   ,1388.0000,65535.0000,1453.0000,65.0000,0.0000,0.0000,0.0000,1.0000,1.0000E+00,1.0000E+00,
1820,   ,   ,   ,1427.0000,65535.0000,1439.0000,12.0000,0.0000,0.0000,0.0000,1.0000,1.0000E+00,1.0000E+00,
1821,   ,   ,   ,1416.0000,65535.0000,1421.0000,5.0000,0.0000,0.0000,0.0000,1.0000,1.0000E+00,1.0000E+00,
1822,   ,   ,   ,1433.0000,65535.0000,1457.0000,24.0000,0.0000,0.0000,0.0000,1.0000,1.0000E+00,1.0000E+00,
1823,   ,   ,   ,1395.0000,65535.0000,1434.0000,39.0000,0.0000,0.0000,0.0000,1.0000,1.0000E+00,1.0000E+00,
1824,   ,   ,   ,1412.0000,65535.0000,1435.0000,23.0000,0.0000,0.0000,0.0000,1.0000,1.0000E+00,1.0000E+00,
1825,   ,   ,   ,1415.0000,65535.0000,1435.0000,20.0000,0.0000,0.0000,0.0000,1.0000,1.0000E+00,1.0000E+00,
1826,   ,   ,   ,1420.0000,65535.0000,1425.0000,5.0000,0.0000,0.0000,0.0000,1.0000,1.0000E+00,1.0000E+00,
1827,   ,   ,   ,1390.0000,65535.0000,1467.0000,77.0000,0.0000,0.0000,0.0000,1.0000,1.0000E+00,1.0000E+00,
1828,   ,   ,   ,1417.0000,65535.0000,1409.0000,-8.0000,0.0000,0.0000,0.0000,1.0000,1.0000E+00,1.0000E+00,
1829,   ,   ,   ,1385.0000,65535.0000,1436.0000,51.0000,0.0000,0.0000,0.0000,1.0000,1.0000E+00,1.0000E+00,
1830,   ,   ,   ,1459.0000,65535.0000,1419.0000,-40.0000,0.0000,0.0000,0.0000,1.0000,1.0000E+00,1.0000E+00,
1831,   ,   ,   ,1428.0000,65535.0000,1449.0000,21.0000,0.0000,0.0000,0.0000,1.0000,1.0000E+00,1.0000E+00,
1832,   ,   ,   ,1423.0000,65535.0000,1463.0000,40.0000,0.0000,0.0000,0.0000,1.0000,1.0000E+00,1.0000E+00,
1833,   ,   ,   ,1402.0000,65535.0000,1431.0000,29.0000,0.0000,0.0000,0.0000,1.0000,1.0000E+00,1.0000E+00,
1834,   ,   ,   ,1433.0000,65535.0000,1429.0000,-4.0000,0.0000,0.0000,0.0000,1.0000,1.0000E+00,1.0000E+00,
1835,   ,   ,   ,1396.0000,65535.0000,1476.0000,80.0000,0.0000,0.0000,0.0000,1.0000,1.0000E+00,1.0000E+00,
1836,   ,   ,   ,1427.0000,65535.0000,1428.0000,1.0000,0.0000,0.0000,0.0000,1.0000,1.0000E+00,1.0000E+00,
1837,   ,   ,   ,1434.0000,65535.0000,1455.0000,21.0000,0.0000,0.0000,0.0000,1.0000,1.0000E+00,1.0000E+00,
1838,   ,   ,   ,1479.0000,65535.0000,1465.0000,-14.0000,0.0000,0.0000,0.0000,1.0000,1.0000E+00,1.0000E+00,
1839,   ,   ,   ,1416.0000,65535.0000,1433.0000,17.0000,0.0000,0.0000,0.0000,1.0000,1.0000E+00,1.0000E+00,
1840,   ,   ,   ,1431.0000,65535.0000,1453.0000,22.0000,0.0000,0.0000,0.0000,1.0000,1.0000E+00,1.0000E+00,
1841,   ,   ,   ,1415.0000,65535.0000,1395.0000,-20.0000,0.0000,0.0000,0.0000,1.0000,1.0000E+00,1.0000E+00,
1842,   ,   ,   ,1392.0000,65535.0000,1440.0000,48.0000,0.0000,0.0000,0.0000,1.0000,1.0000E+00,1.0000E+00,
1843,   ,   ,   ,1438.0000,65535.0000,1464.0000,26.0000,0.0000,0.0000,0.0000,1.0000,1.0000E+00,1.0000E+00,
1844,   ,   ,   ,1437.0000,65535.0000,1420.0000,-17.0000,0.0000,0.0000,0.0000,1.0000,1.0000E+00,1.0000E+00,
1845,   ,   ,   ,1409.0000,65535.0000,1452.0000,43.0000,0.0000,0.0000,0.0000,1.0000,1.0000E+00,1.0000E+00,
1846,   ,   ,   ,1432.0000,65535.0000,1433.0000,1.0000,0.0000,0.0000,0.0000,1.0000,1.0000E+00,1.0000E+00,
1847,   ,   ,   ,1399.0000,65535.0000,1425.0000,26.0000,0.0000,0.0000,0.0000,1.0000,1.0000E+00,1.0000E+00,
1848,   ,   ,   ,1410.0000,65535.0000,1474.0000,64.0000,0.0000,0.0000,0.0000,1.0000,1.0000E+00,1.0000E+00,
1849,   ,   ,   ,1436.0000,65535.0000,1382.0000,-54.0000,0.0000,0.0000,0.0000,1.0000,1.0000E+00,1.0000E+00,
1850,   ,   ,   ,1427.0000,65535.0000,1470.0000,43.0000,0.0000,0.0000,0.0000,1.0000,1.0000E+00,1.0000E+00,
1851,   ,   ,   ,1436.0000,65535.0000,1433.0000,-3.0000,0.0000,0.0000,0.0000,1.0000,1.0000E+00,1.0000E+00,
1852,   ,   ,   ,1386.0000,65535.0000,1403.0000,17.0000,0.0000,0.0000,0.0000,1.0000,1.0000E+00,1.0000E+00,
1853,   ,   ,   ,1435.0000,65535.0000,1463.0000,28.0000,0.0000,0.0000,0.0000,1.0000,1.0000E+00,1.0000E+00,
1854,   ,   ,   ,1430.0000,65535.0000,1398.0000,-32.0000,0.0000,0.0000,0.0000,1.0000,1.0000E+00,1.0000E+00,
1855,   ,   ,   ,1406.0000,65535.0000,1438.0000,32.0000,0.0000,0.0000,0.0000,1.0000,1.0000E+00,1.0000E+00,
1856,   ,   ,   ,1396.0000,65535.0000,1424.0000,28.0000,0.0000,0.0000,0.0000,1.0000,1.0000E+00,1.0000E+00,
1857,   ,   ,   ,1394.0000,65535.0000,1410.0000,16.0000,0.0000,0.0000,0.0000,1.0000,1.0000E+00,1.0000E+00,
1858,   ,   ,   ,1424.0000,65535.0000,1441.0000,17.0000,0.0000,0.0000,0.0000,1.0000,1.0000E+00,1.0000E+00,
1859,   ,   ,   ,1426.0000,65535.0000,1401.0000,-25.0000,0.0000,0.0000,0.0000,1.0000,1.0000E+00,1.0000E+00,
1860,   ,   ,   ,1388.0000,65535.0000,1434.0000,46.0000,0.0000,0.0000,0.0000,1.0000,1.0000E+00,1.0000E+00,
1861,   ,   ,   ,1433.0000,65535.0000,1436.0000,3.0000,0.0000,0.0000,0.0000,1.0000,1.0000E+00,1.0000E+00,
1862,   ,   ,   ,1399.0000,65535.0000,1401.0000,2.0000,0.0000,0.0000,0.0000,1.0000,1.0000E+00,1.0000E+00,
1863,   ,   ,   ,1529.0000,65535.0000,1569.0000,40.0000,0.0000,0.0000,0.0000,1.0000,1.0000E+00,1.0000E+00,
1864,   ,   ,   ,1408.0000,65535.0000,1427.0000,19.0000,0.0000,0.0000,0.0000,1.0000,1.0000E+00,1.0000E+00,
1865,   ,   ,   ,1419.0000,65535.0000,1398.0000,-21.0000,0.0000,0.0000,0.0000,1.0000,1.0000E+00,1.0000E+00,
1866,   ,   ,   ,1438.0000,65535.0000,1416.0000,-22.0000,0.0000,0.0000,0.0000,1.0000,1.0000E+00,1.0000E+00,
1867,   ,   ,   ,1410.0000,65535.0000,1405.0000,-5.0000,0.0000,0.0000,0.0000,1.0000,1.0000E+00,1.0000E+00,
1868,   ,   ,   ,1396.0000,65535.0000,1425.0000,29.0000,0.0000,0.0000,0.0000,1.0000,1.0000E+00,1.0000E+00,
1869,   ,   ,   ,1420.0000,65535.0000,1445.0000,25.0000,0.0000,0.0000,0.0000,1.0000,1.0000E+00,1.0000E+00,
1870,   ,   ,   ,1440.0000,65535.0000,1459.0000,19.0000,0.0000,0.0000,0.0000,1.0000,1.0000E+00,1.0000E+00,
1871,   ,   ,   ,1444.0000,65535.0000,1418.0000,-26.0000,0.0000,0.0000,0.0000,1.0000,1.0000E+00,1.0000E+00,
1872,   ,   ,   ,1426.0000,65535.0000,1470.0000,44.0000,0.0000,0.0000,0.0000,1.0000,1.0000E+00,1.0000E+00,
1873,   ,   ,   ,1420.0000,65535.0000,1386.0000,-34.0000,0.0000,0.0000,0.0000,1.0000,1.0000E+00,1.0000E+00,
1874,   ,   ,   ,1440.0000,65535.0000,1441.0000,1.0000,0.0000,0.0000,0.0000,1.0000,1.0000E+00,1.0000E+00,
1875,   ,   ,   ,1384.0000,65535.0000,1417.0000,33.0000,0.0000,0.0000,0.0000,1.0000,1.0000E+00,1.0000E+00,
1876,   ,   ,   ,1395.0000,65535.0000,1424.0000,29.0000,0.0000,0.0000,0.0000,1.0000,1.0000E+00,1.0000E+00,
1877,   ,   ,   ,1455.0000,65535.0000,1420.0000,-35.0000,0.0000,0.0000,0.0000,1.0000,1.0000E+00,1.0000E+00,
1878,   ,   ,   ,1430.0000,65535.0000,1426.0000,-4.0000,0.0000,0.0000,0.0000,1.0000,1.0000E+00,1.0000E+00,
1879,   ,   ,   ,1375.0000,65535.0000,1413.0000,38.0000,0.0000,0.0000,0.0000,1.0000,1.0000E+00,1.0000E+00,
1880,   ,   ,   ,1425.0000,65535.0000,1406.0000,-19.0000,0.0000,0.0000,0.0000,1.0000,1.0000E+00,1.0000E+00,
1881,   ,   ,   ,1418.0000,65535.0000,1409.0000,-9.0000,0.0000,0.0000,0.0000,1.0000,1.0000E+00,1.0000E+00,
1882,   ,   ,   ,1400.0000,65535.0000,1400.0000,0.0000,0.0000,0.0000,0.0000,1.0000,1.0000E+00,1.0000E+00,
1883,   ,   ,   ,1383.0000,65535.0000,1360.0000,-23.0000,0.0000,0.0000,0.0000,1.0000,1.0000E+00,1.0000E+00,
1884,   ,   ,   ,1421.0000,65535.0000,1409.0000,-12.0000,0.0000,0.0000,0.0000,1.0000,1.0000E+00,1.0000E+00,
1885,   ,   ,   ,1430.0000,65535.0000,1407.0000,-23.0000,0.0000,0.0000,0.0000,1.0000,1.0000E+00,1.0000E+00,
1886,   ,   ,   ,1450.0000,65535.0000,1438.0000,-12.0000,0.0000,0.0000,0.0000,1.0000,1.0000E+00,1.0000E+00,
1887,   ,   ,   ,1452.0000,65535.0000,1398.0000,-54.0000,0.0000,0.0000,0.0000,1.0000,1.0000E+00,1.0000E+00,
1888,   ,   ,   ,1435.0000,65535.0000,1406.0000,-29.0000,0.0000,0.0000,0.0000,1.0000,1.0000E+00,1.0000E+00,
1889,   ,   ,   ,1418.0000,65535.0000,1407.0000,-11.0000,0.0000,0.0000,0.0000,1.0000,1.0000E+00,1.0000E+00,
1890,   ,   ,   ,1426.0000,65535.0000,1400.0000,-26.0000,0.0000,0.0000,0.0000,1.0000,1.0000E+00,1.0000E+00,
1891,   ,   ,   ,1400.0000,65535.0000,1428.0000,28.0000,0.0000,0.0000,0.0000,1.0000,1.0000E+00,1.0000E+00,
1892,   ,   ,   ,1398.0000,65535.0000,1421.0000,23.0000,0.0000,0.0000,0.0000,1.0000,1.0000E+00,1.0000E+00,
1893,   ,   ,   ,1399.0000,65535.0000,1374.0000,-25.0000,0.0000,0.0000,0.0000,1.0000,1.0000E+00,1.0000E+00,
1894,   ,   ,   ,1381.0000,65535.0000,1417.0000,36.0000,0.0000,0.0000,0.0000,1.0000,1.0000E+00,1.0000E+00,
1895,   ,   ,   ,1380.0000,65535.0000,1403.0000,23.0000,0.0000,0.0000,0.0000,1.0000,1.0000E+00,1.0000E+00,
1896,   ,   ,   ,1402.0000,65535.0000,1389.0000,-13.0000,0.0000,0.0000,0.0000,1.0000,1.0000E+00,1.0000E+00,
1897,   ,   ,   ,1420.0000,65535.0000,1416.0000,-4.0000,0.0000,0.0000,0.0000,1.0000,1.0000E+00,1.0000E+00,
1898,   ,   ,   ,1439.0000,65535.0000,1372.0000,-67.0000,0.0000,0.0000,0.0000,1.0000,1.0000E+00,1.0000E+00,
1899,   ,   ,   ,1434.0000,65535.0000,1424.0000,-10.0000,0.0000,0.0000,0.0000,1.0000,1.0000E+00,1.0000E+00,
1900,   ,   ,   ,1451.0000,65535.0000,1400.0000,-51.0000,0.0000,0.0000,0.0000,1.0000,1.0000E+00,1.0000E+00,
1901,   ,   ,   ,1406.0000,65535.0000,1404.0000,-2.0000,0.0000,0.0000,0.0000,1.0000,1.0000E+00,1.0000E+00,
1902,   ,   ,   ,1413.0000,65535.0000,1418.0000,5.0000,0.0000,0.0000,0.0000,1.0000,1.0000E+00,1.0000E+00,
1903,   ,   ,   ,1437.0000,65535.0000,1406.0000,-31.0000,0.0000,0.0000,0.0000,1.0000,1.0000E+00,1.0000E+00,
1904,   ,   ,   ,1449.0000,65535.0000,1406.0000,-43.0000,0.0000,0.0000,0.0000,1.0000,1.0000E+00,1.0000E+00,
1905,   ,   ,   ,1409.0000,65535.0000,1372.0000,-37.0000,0.0000,0.0000,0.0000,1.0000,1.0000E+00,1.0000E+00,
1906,   ,   ,   ,1429.0000,65535.0000,1368.0000,-61.0000,0.0000,0.0000,0.0000,1.0000,1.0000E+00,1.0000E+00,
1907,   ,   ,   ,1418.0000,65535.0000,1429.0000,11.0000,0.0000,0.0000,0.0000,1.0000,1.0000E+00,1.0000E+00,
1908,   ,   ,   ,1444.0000,65535.0000,1394.0000,-50.0000,0.0000,0.0000,0.0000,1.0000,1.0000E+00,1.0000E+00,
1909,   ,   ,   ,1388.0000,65535.0000,1404.0000,16.0000,0.0000,0.0000,0.0000,1.0000,1.0000E+00,1.0000E+00,
1910,   ,   ,   ,1410.0000,65535.0000,1417.0000,7.0000,0.0000,0.0000,0.0000,1.0000,1.0000E+00,1.0000E+00,
1911,   ,   ,   ,1423.0000,65535.0000,1384.0000,-39.0000,0.0000,0.0000,0.0000,1.0000,1.0000E+00,1.0000E+00,
1912,   ,   ,   ,1449.0000,65535.0000,1415.0000,-34.0000,0.0000,0.0000,0.0000,1.0000,1.0000E+00,1.0000E+00,
1913,   ,   ,   ,1454.0000,65535.0000,1421.0000,-33.0000,0.0000,0.0000,0.0000,1.0000,1.0000E+00,1.0000E+00,
1914,   ,   ,   ,1381.0000,65535.0000,1379.0000,-2.0000,0.0000,0.0000,0.0000,1.0000,1.0000E+00,1.0000E+00,
1915,   ,   ,   ,1411.0000,65535.0000,1366.0000,-45.0000,0.0000,0.0000,0.0000,1.0000,1.0000E+00,1.0000E+00,
1916,   ,   ,   ,1526.0000,65535.0000,1475.0000,-51.0000,0.0000,0.0000,0.0000,1.0000,1.0000E+00,1.0000E+00,
1917,   ,   ,   ,1821.0000,65535.0000,1806.0000,-15.0000,0.0000,0.0000,0.0000,1.0000,1.0000E+00,1.0000E+00,
1918,   ,   ,   ,1444.0000,65535.0000,1368.0000,-76.0000,0.0000,0.0000,0.0000,1.0000,1.0000E+00,1.0000E+00,
1919,   ,   ,   ,1408.0000,65535.0000,1401.0000,-7.0000,0.0000,0.0000,0.0000,1.0000,1.0000E+00,1.0000E+00,
1920,   ,   ,   ,1429.0000,65535.0000,1366.0000,-63.0000,0.0000,0.0000,0.0000,1.0000,1.0000E+00,1.0000E+00,
1921,   ,   ,   ,1504.0000,65535.0000,1458.0000,-46.0000,0.0000,0.0000,0.0000,1.0000,1.0000E+00,1.0000E+00,
1922,   ,   ,   ,1405.0000,65535.0000,1378.0000,-27.0000,0.0000,0.0000,0.0000,1.0000,1.0000E+00,1.0000E+00,
1923,   ,   ,   ,1425.0000,65535.0000,1419.0000,-6.0000,0.0000,0.0000,0.0000,1.0000,1.0000E+00,1.0000E+00,
1924,   ,   ,   ,1382.0000,65535.0000,1339.0000,-43.0000,0.0000,0.0000,0.0000,1.0000,1.0000E+00,1.0000E+00,
1925,   ,   ,   ,1424.0000,65535.0000,1406.0000,-18.0000,0.0000,0.0000,0.0000,1.0000,1.0000E+00,1.0000E+00,
1926,   ,   ,   ,1429.0000,65535.0000,1383.0000,-46.0000,0.0000,0.0000,0.0000,1.0000,1.0000E+00,1.0000E+00,
1927,   ,   ,   ,1412.0000,65535.0000,1390.0000,-22.0000,0.0000,0.0000,0.0000,1.0000,1.0000E+00,1.0000E+00,
1928,   ,   ,   ,1417.0000,65535.0000,1391.0000,-26.0000,0.0000,0.0000,0.0000,1.0000,1.0000E+00,1.0000E+00,
1929,   ,   ,   ,1443.0000,65535.0000,1382.0000,-61.0000,0.0000,0.0000,0.0000,1.0000,1.0000E+00,1.0000E+00,
1930,   ,   ,   ,1418.0000,65535.0000,1384.0000,-34.0000,0.0000,0.0000,0.0000,1.0000,1.0000E+00,1.0000E+00,
1931,   ,   ,   ,1428.0000,65535.0000,1389.0000,-39.0000,0.0000,0.0000,0.0000,1.0000,1.0000E+00,1.0000E+00,
1932,   ,   ,   ,1422.0000,65535.0000,1380.0000,-42.0000,0.0000,0.0000,0.0000,1.0000,1.0000E+00,1.0000E+00,
1933,   ,   ,   ,1388.0000,65535.0000,1402.0000,14.0000,0.0000,0.0000,0.0000,1.0000,1.0000E+00,1.0000E+00,
1934,   ,   ,   ,1391.0000,65535.0000,1375.0000,-16.0000,0.0000,0.0000,0.0000,1.0000,1.0000E+00,1.0000E+00,
1935,   ,   ,   ,1409.0000,65535.0000,1395.0000,-14.0000,0.0000,0.0000,0.0000,1.0000,1.0000E+00,1.0000E+00,
1936,   ,   ,   ,1419.0000,65535.0000,1373.0000,-46.0000,0.0000,0.0000,0.0000,1.0000,1.0000E+00,1.0000E+00,
1937,   ,   ,   ,1413.0000,65535.0000,1387.0000,-26.0000,0.0000,0.0000,0.0000,1.0000,1.0000E+00,1.0000E+00,
1938,   ,   ,   ,1422.0000,65535.0000,1408.0000,-14.0000,0.0000,0.0000,0.0000,1.0000,1.0000E+00,1.0000E+00,
1939,   ,   ,   ,1417.0000,65535.0000,1359.0000,-58.0000,0.0000,0.0000,0.0000,1.0000,1.0000E+00,1.0000E+00,
1940,   ,   ,   ,1423.0000,65535.0000,1399.0000,-24.0000,0.0000,0.0000,0.0000,1.0000,1.0000E+00,1.0000E+00,
1941,   ,   ,   ,1421.0000,65535.0000,1383.0000,-38.0000,0.0000,0.0000,0.0000,1.0000,1.0000E+00,1.0000E+00,
1942,   ,   ,   ,1407.0000,65535.0000,1379.0000,-28.0000,0.0000,0.0000,0.0000,1.0000,1.0000E+00,1.0000E+00,
1943,   ,   ,   ,1437.0000,65535.0000,1357.0000,-80.0000,0.0000,0.0000,0.0000,1.0000,1.0000E+00,1.0000E+00,
1944,   ,   ,   ,1425.0000,65535.0000,1364.0000,-61.0000,0.0000,0.0000,0.0000,1.0000,1.0000E+00,1.0000E+00,
1945,   ,   ,   ,1424.0000,65535.0000,1361.0000,-63.0000,0.0000,0.0000,0.0000,1.0000,1.0000E+00,1.0000E+00,
1946,   ,   ,   ,1429.0000,65535.0000,1329.0000,-100.0000,0.0000,0.0000,0.0000,1.0000,1.0000E+00,1.0000E+00,
1947,   ,   ,   ,1403.0000,65535.0000,1349.0000,-54.0000,0.0000,0.0000,0.0000,1.0000,1.0000E+00,1.0000E+00,
1948,   ,   ,   ,1403.0000,65535.0000,1336.0000,-67.0000,0.0000,0.0000,0.0000,1.0000,1.0000E+00,1.0000E+00,
1949,   ,   ,   ,1479.0000,65535.0000,1373.0000,-106.0000,0.0000,0.0000,0.0000,1.0000,1.0000E+00,1.0000E+00,
1950,   ,   ,   ,1423.0000,65535.0000,1399.0000,-24.0000,0.0000,0.0000,0.0000,1.0000,1.0000E+00,1.0000E+00,
1951,   ,   ,   ,1457.0000,65535.0000,1337.0000,-120.0000,0.0000,0.0000,0.0000,1.0000,1.0000E+00,1.0000E+00,
1952,   ,   ,   ,1424.0000,65535.0000,1381.0000,-43.0000,0.0000,0.0000,0.0000,1.0000,1.0000E+00,1.0000E+00,
1953,   ,   ,   ,1432.0000,65535.0000,1363.0000,-69.0000,0.0000,0.0000,0.0000,1.0000,1.0000E+00,1.0000E+00,
1954,   ,   ,   ,1370.0000,65535.0000,1356.0000,-14.0000,0.0000,0.0000,0.0000,1.0000,1.0000E+00,1.0000E+00,
1955,   ,   ,   ,1411.0000,65535.0000,1382.0000,-29.0000,0.0000,0.0000,0.0000,1.0000,1.0000E+00,1.0000E+00,
1956,   ,   ,   ,1439.0000,65535.0000,1359.0000,-80.0000,0.0000,0.0000,0.0000,1.0000,1.0000E+00,1.0000E+00,
1957,   ,   ,   ,1380.0000,65535.0000,1323.0000,-57.0000,0.0000,0.0000,0.0000,1.0000,1.0000E+00,1.0000E+00,
1958,   ,   ,   ,1412.0000,65535.0000,1356.0000,-56.0000,0.0000,0.0000,0.0000,1.0000,1.0000E+00,1.0000E+00,
1959,   ,   ,   ,1450.0000,65535.0000,1354.0000,-96.0000,0.0000,0.0000,0.0000,1.0000,1.0000E+00,1.0000E+00,
1960,   ,   ,   ,1461.0000,65535.0000,1364.0000,-97.0000,0.0000,0.0000,0.0000,1.0000,1.0000E+00,1.0000E+00,
1961,   ,   ,   ,1445.0000,65535.0000,1365.0000,-80.0000,0.0000,0.0000,0.0000,1.0000,1.0000E+00,1.0000E+00,
1962,   ,   ,   ,1421.0000,65535.0000,1325.0000,-96.0000,0.0000,0.0000,0.0000,1.0000,1.0000E+00,1.0000E+00,
1963,   ,   ,   ,1419.0000,65535.0000,1385.0000,-34.0000,0.0000,0.0000,0.0000,1.0000,1.0000E+00,1.0000E+00,
1964,   ,   ,   ,1426.0000,65535.0000,1333.0000,-93.0000,0.0000,0.0000,0.0000,1.0000,1.0000E+00,1.0000E+00,
1965,   ,   ,   ,1417.0000,65535.0000,1322.0000,-95.0000,0.0000,0.0000,0.0000,1.0000,1.0000E+00,1.0000E+00,
1966,   ,   ,   ,1410.0000,65535.0000,1379.0000,-31.0000,0.0000,0.0000,0.0000,1.0000,1.0000E+00,1.0000E+00,
1967,   ,   ,   ,1444.0000,65535.0000,1326.0000,-118.0000,0.0000,0.0000,0.0000,1.0000,1.0000E+00,1.0000E+00,
1968,   ,   ,   ,1435.0000,65535.0000,1361.0000,-74.0000,0.0000,0.0000,0.0000,1.0000,1.0000E+00,1.0000E+00,
1969,   ,   ,   ,1427.0000,65535.0000,1354.0000,-73.0000,0.0000,0.0000,0.0000,1.0000,1.0000E+00,1.0000E+00,
1970,   ,   ,   ,1433.0000,65535.0000,1352.0000,-81.0000,0.0000,0.0000,0.0000,1.0000,1.0000E+00,1.0000E+00,
1971,   ,   ,   ,1400.0000,65535.0000,1364.0000,-36.0000,0.0000,0.0000,0.0000,1.0000,1.0000E+00,1.0000E+00,
1972,   ,   ,   ,1460.0000,65535.0000,1346.0000,-114.0000,0.0000,0.0000,0.0000,1.0000,1.0000E+00,1.0000E+00,
1973,   ,   ,   ,1402.0000,65535.0000,1341.0000,-61.0000,0.0000,0.0000,0.0000,1.0000,1.0000E+00,1.0000E+00,
1974,   ,   ,   ,1435.0000,65535.0000,1306.0000,-129.0000,0.0000,0.0000,0.0000,1.0000,1.0000E+00,1.0000E+00,
1975,   ,   ,   ,1445.0000,65535.0000,1334.0000,-111.0000,0.0000,0.0000,0.0000,1.0000,1.0000E+00,1.0000E+00,
1976,   ,   ,   ,1539.0000,65535.0000,1504.0000,-35.0000,0.0000,0.0000,0.0000,1.0000,1.0000E+00,1.0000E+00,
1977,   ,   ,   ,1436.0000,65535.0000,1347.0000,-89.0000,0.0000,0.0000,0.0000,1.0000,1.0000E+00,1.0000E+00,
1978,   ,   ,   ,1411.0000,65535.0000,1352.0000,-59.0000,0.0000,0.0000,0.0000,1.0000,1.0000E+00,1.0000E+00,
1979,   ,   ,   ,1430.0000,65535.0000,1346.0000,-84.0000,0.0000,0.0000,0.0000,1.0000,1.0000E+00,1.0000E+00,
1980,   ,   ,   ,1410.0000,65535.0000,1319.0000,-91.0000,0.0000,0.0000,0.0000,1.0000,1.0000E+00,1.0000E+00,
1981,   ,   ,   ,1403.0000,65535.0000,1331.0000,-72.0000,0.0000,0.0000,0.0000,1.0000,1.0000E+00,1.0000E+00,
1982,   ,   ,   ,1438.0000,65535.0000,1358.0000,-80.0000,0.0000,0.0000,0.0000,1.0000,1.0000E+00,1.0000E+00,
1983,   ,   ,   ,1415.0000,65535.0000,1334.0000,-81.0000,0.0000,0.0000,0.0000,1.0000,1.0000E+00,1.0000E+00,
1984,   ,   ,   ,1404.0000,65535.0000,1331.0000,-73.0000,0.0000,0.0000,0.0000,1.0000,1.0000E+00,1.0000E+00,
1985,   ,   ,   ,1367.0000,65535.0000,1327.0000,-40.0000,0.0000,0.0000,0.0000,1.0000,1.0000E+00,1.0000E+00,
1986,   ,   ,   ,1448.0000,65535.0000,1372.0000,-76.0000,0.0000,0.0000,0.0000,1.0000,1.0000E+00,1.0000E+00,
1987,   ,   ,   ,1420.0000,65535.0000,1369.0000,-51.0000,0.0000,0.0000,0.0000,1.0000,1.0000E+00,1.0000E+00,
1988,   ,   ,   ,1441.0000,65535.0000,1322.0000,-119.0000,0.0000,0.0000,0.0000,1.0000,1.0000E+00,1.0000E+00,
1989,   ,   ,   ,1414.0000,65535.0000,1346.0000,-68.0000,0.0000,0.0000,0.0000,1.0000,1.0000E+00,1.0000E+00,
1990,   ,   ,   ,1411.0000,65535.0000,1302.0000,-109.0000,0.0000,0.0000,0.0000,1.0000,1.0000E+00,1.0000E+00,
1991,   ,   ,   ,1410.0000,65535.0000,1346.0000,-64.0000,0.0000,0.0000,0.0000,1.0000,1.0000E+00,1.0000E+00,
1992,   ,   ,   ,1398.0000,65535.0000,1347.0000,-51.0000,0.0000,0.0000,0.0000,1.0000,1.0000E+00,1.0000E+00,
1993,   ,   ,   ,1492.0000,65535.0000,1439.0000,-53.0000,0.0000,0.0000,0.0000,1.0000,1.0000E+00,1.0000E+00,
1994,   ,   ,   ,1435.0000,65535.0000,1331.0000,-104.0000,0.0000,0.0000,0.0000,1.0000,1.0000E+00,1.0000E+00,
1995,   ,   ,   ,1488.0000,65535.0000,1373.0000,-115.0000,0.0000,0.0000,0.0000,1.0000,1.0000E+00,1.0000E+00,
1996,   ,   ,   ,1441.0000,65535.0000,1330.0000,-111.0000,0.0000,0.0000,0.0000,1.0000,1.0000E+00,1.0000E+00,
1997,   ,   ,   ,1405.0000,65535.0000,1332.0000,-73.0000,0.0000,0.0000,0.0000,1.0000,1.0000E+00,1.0000E+00,
1998,   ,   ,   ,1432.0000,65535.0000,1338.0000,-94.0000,0.0000,0.0000,0.0000,1.0000,1.0000E+00,1.0000E+00,
1999,   ,   ,   ,1492.0000,65535.0000,1421.0000,-71.0000,0.0000,0.0000,0.0000,1.0000,1.0000E+00,1.0000E+00,
2000,   ,   ,   ,1424.0000,65535.0000,1378.0000,-46.0000,0.0000,0.0000,0.0000,1.0000,1.0000E+00,1.0000E+00,
2001,   ,   ,   ,1404.0000,65535.0000,1348.0000,-56.0000,0.0000,0.0000,0.0000,1.0000,1.0000E+00,1.0000E+00,
2002,   ,   ,   ,1436.0000,65535.0000,1367.0000,-69.0000,0.0000,0.0000,0.0000,1.0000,1.0000E+00,1.0000E+00,
2003,   ,   ,   ,1434.0000,65535.0000,1343.0000,-91.0000,0.0000,0.0000,0.0000,1.0000,1.0000E+00,1.0000E+00,
2004,   ,   ,   ,1354.0000,65535.0000,1340.0000,-14.0000,0.0000,0.0000,0.0000,1.0000,1.0000E+00,1.0000E+00,
2005,   ,   ,   ,1429.0000,65535.0000,1329.0000,-100.0000,0.0000,0.0000,0.0000,1.0000,1.0000E+00,1.0000E+00,
2006,   ,   ,   ,1428.0000,65535.0000,1365.0000,-63.0000,0.0000,0.0000,0.0000,1.0000,1.0000E+00,1.0000E+00,
2007,   ,   ,   ,1412.0000,65535.0000,1333.0000,-79.0000,0.0000,0.0000,0.0000,1.0000,1.0000E+00,1.0000E+00,
2008,   ,   ,   ,1430.0000,65535.0000,1330.0000,-100.0000,0.0000,0.0000,0.0000,1.0000,1.0000E+00,1.0000E+00,
2009,   ,   ,   ,1387.0000,65535.0000,1359.0000,-28.0000,0.0000,0.0000,0.0000,1.0000,1.0000E+00,1.0000E+00,
2010,   ,   ,   ,1447.0000,65535.0000,1320.0000,-127.0000,0.0000,0.0000,0.0000,1.0000,1.0000E+00,1.0000E+00,
2011,   ,   ,   ,1458.0000,65535.0000,1381.0000,-77.0000,0.0000,0.0000,0.0000,1.0000,1.0000E+00,1.0000E+00,
2012,   ,   ,   ,1575.0000,65535.0000,1502.0000,-73.0000,0.0000,0.0000,0.0000,1.0000,1.0000E+00,1.0000E+00,
2013,   ,   ,   ,1404.0000,65535.0000,1354.0000,-50.0000,0.0000,0.0000,0.0000,1.0000,1.0000E+00,1.0000E+00,
2014,   ,   ,   ,1409.0000,65535.0000,1319.0000,-90.0000,0.0000,0.0000,0.0000,1.0000,1.0000E+00,1.0000E+00,
2015,   ,   ,   ,1420.0000,65535.0000,1320.0000,-100.0000,0.0000,0.0000,0.0000,1.0000,1.0000E+00,1.0000E+00,
2016,   ,   ,   ,1392.0000,65535.0000,1332.0000,-60.0000,0.0000,0.0000,0.0000,1.0000,1.0000E+00,1.0000E+00,
2017,   ,   ,   ,1425.0000,65535.0000,1379.0000,-46.0000,0.0000,0.0000,0.0000,1.0000,1.0000E+00,1.0000E+00,
2018,   ,   ,   ,1393.0000,65535.0000,1312.0000,-81.0000,0.0000,0.0000,0.0000,1.0000,1.0000E+00,1.0000E+00,
2019,   ,   ,   ,1436.0000,65535.0000,1343.0000,-93.0000,0.0000,0.0000,0.0000,1.0000,1.0000E+00,1.0000E+00,
2020,   ,   ,   ,1398.0000,65535.0000,1333.0000,-65.0000,0.0000,0.0000,0.0000,1.0000,1.0000E+00,1.0000E+00,
2021,   ,   ,   ,1411.0000,65535.0000,1336.0000,-75.0000,0.0000,0.0000,0.0000,1.0000,1.0000E+00,1.0000E+00,
2022,   ,   ,   ,1394.0000,65535.0000,1351.0000,-43.0000,0.0000,0.0000,0.0000,1.0000,1.0000E+00,1.0000E+00,
2023,   ,   ,   ,1411.0000,65535.0000,1312.0000,-99.0000,0.0000,0.0000,0.0000,1.0000,1.0000E+00,1.0000E+00,
2024,   ,   ,   ,1418.0000,65535.0000,1353.0000,-65.0000,0.0000,0.0000,0.0000,1.0000,1.0000E+00,1.0000E+00,
2025,   ,   ,   ,1455.0000,65535.0000,1410.0000,-45.0000,0.0000,0.0000,0.0000,1.0000,1.0000E+00,1.0000E+00,
2026,   ,   ,   ,1403.0000,65535.0000,1330.0000,-73.0000,0.0000,0.0000,0.0000,1.0000,1.0000E+00,1.0000E+00,
2027,   ,   ,   ,1447.0000,65535.0000,1348.0000,-99.0000,0.0000,0.0000,0.0000,1.0000,1.0000E+00,1.0000E+00,
2028,   ,   ,   ,1524.0000,65535.0000,1464.0000,-60.0000,0.0000,0.0000,0.0000,1.0000,1.0000E+00,1.0000E+00,
2029,   ,   ,   ,1456.0000,65535.0000,1351.0000,-105.0000,0.0000,0.0000,0.0000,1.0000,1.0000E+00,1.0000E+00,
2030,   ,   ,   ,1433.0000,65535.0000,1405.0000,-28.0000,0.0000,0.0000,0.0000,1.0000,1.0000E+00,1.0000E+00,
2031,   ,   ,   ,1467.0000,65535.0000,1375.0000,-92.0000,0.0000,0.0000,0.0000,1.0000,1.0000E+00,1.0000E+00,
2032,   ,   ,   ,1427.0000,65535.0000,1397.0000,-30.0000,0.0000,0.0000,0.0000,1.0000,1.0000E+00,1.0000E+00,
2033,   ,   ,   ,1457.0000,65535.0000,1339.0000,-118.0000,0.0000,0.0000,0.0000,1.0000,1.0000E+00,1.0000E+00,
2034,   ,   ,   ,1448.0000,65535.0000,1335.0000,-113.0000,0.0000,0.0000,0.0000,1.0000,1.0000E+00,1.0000E+00,
2035,   ,   ,   ,1449.0000,65535.0000,1348.0000,-101.0000,0.0000,0.0000,0.0000,1.0000,1.0000E+00,1.0000E+00,
2036,   ,   ,   ,1396.0000,65535.0000,1312.0000,-84.0000,0.0000,0.0000,0.0000,1.0000,1.0000E+00,1.0000E+00,
2037,   ,   ,   ,1377.0000,65535.0000,1292.0000,-85.0000,0.0000,0.0000,0.0000,1.0000,1.0000E+00,1.0000E+00,
2038,   ,   ,   ,1392.0000,65535.0000,1325.0000,-67.0000,0.0000,0.0000,0.0000,1.0000,1.0000E+00,1.0000E+00,
2039,   ,   ,   ,1402.0000,65535.0000,1283.0000,-119.0000,0.0000,0.0000,0.0000,1.0000,1.0000E+00,1.0000E+00,
2040,   ,   ,   ,1390.0000,65535.0000,1275.0000,-115.0000,0.0000,0.0000,0.0000,1.0000,1.0000E+00,1.0000E+00,
2041,   ,   ,   ,1368.0000,65535.0000,1299.0000,-69.0000,0.0000,0.0000,0.0000,1.0000,1.0000E+00,1.0000E+00,
2042,   ,   ,   ,1387.0000,65535.0000,1295.0000,-92.0000,0.0000,0.0000,0.0000,1.0000,1.0000E+00,1.0000E+00,
2043,   ,   ,   ,1386.0000,65535.0000,1243.0000,-143.0000,0.0000,0.0000,0.0000,1.0000,1.0000E+00,1.0000E+00,
2044,   ,   ,   ,1380.0000,65535.0000,1291.0000,-89.0000,0.0000,0.0000,0.0000,1.0000,1.0000E+00,1.0000E+00,
2045,   ,   ,   ,1421.0000,65535.0000,1304.0000,-117.0000,0.0000,0.0000,0.0000,1.0000,1.0000E+00,1.0000E+00,
2046,   ,   ,   ,1526.0000,65535.0000,1431.0000,-95.0000,0.0000,0.0000,0.0000,1.0000,1.0000E+00,1.0000E+00,
2047,   ,   ,   ,1443.0000,65535.0000,1353.0000,-90.0000,0.0000,0.0000,0.0000,1.0000,1.0000E+00,1.0000E+00,
